1	1	2	5	4	10	11	14	13	0	0	0	0	0	0	0	0	0	0	0	0	0	0	0	0	0	0	0
2	2	3	6	5	11	12	15	14	0	0	0	0	0	0	0	0	0	0	0	0	0	0	0	0	0	0	0
3	4	5	8	7	13	14	17	16	0	0	0	0	0	0	0	0	0	0	0	0	0	0	0	0	0	0	0
4	5	6	9	8	14	15	18	17	0	0	0	0	0	0	0	0	0	0	0	0	0	0	0	0	0	0	0
5	19	20	22	21	25	26	28	27	0	0	0	0	0	0	0	0	0	0	0	0	0	0	0	0	0	0	0
6	20	1	4	22	26	10	13	28	0	0	0	0	0	0	0	0	0	0	0	0	0	0	0	0	0	0	0
7	21	22	24	23	27	28	30	29	0	0	0	0	0	0	0	0	0	0	0	0	0	0	0	0	0	0	0
8	22	4	7	24	28	13	16	30	0	0	0	0	0	0	0	0	0	0	0	0	0	0	0	0	0	0	0
9	31	32	34	33	37	38	40	39	0	0	0	0	0	0	0	0	0	0	0	0	0	0	0	0	0	0	0
10	32	19	21	34	38	25	27	40	0	0	0	0	0	0	0	0	0	0	0	0	0	0	0	0	0	0	0
11	33	34	36	35	39	40	42	41	0	0	0	0	0	0	0	0	0	0	0	0	0	0	0	0	0	0	0
12	34	21	23	36	40	27	29	42	0	0	0	0	0	0	0	0	0	0	0	0	0	0	0	0	0	0	0
13	43	44	46	45	49	50	52	51	0	0	0	0	0	0	0	0	0	0	0	0	0	0	0	0	0	0	0
14	44	31	33	46	50	37	39	52	0	0	0	0	0	0	0	0	0	0	0	0	0	0	0	0	0	0	0
15	45	46	48	47	51	52	54	53	0	0	0	0	0	0	0	0	0	0	0	0	0	0	0	0	0	0	0
16	46	33	35	48	52	39	41	54	0	0	0	0	0	0	0	0	0	0	0	0	0	0	0	0	0	0	0
17	55	56	59	58	61	62	65	64	0	0	0	0	0	0	0	0	0	0	0	0	0	0	0	0	0	0	0
18	56	57	60	59	62	63	66	65	0	0	0	0	0	0	0	0	0	0	0	0	0	0	0	0	0	0	0
19	58	59	2	1	64	65	11	10	0	0	0	0	0	0	0	0	0	0	0	0	0	0	0	0	0	0	0
20	59	60	3	2	65	66	12	11	0	0	0	0	0	0	0	0	0	0	0	0	0	0	0	0	0	0	0
21	67	68	70	69	71	72	74	73	0	0	0	0	0	0	0	0	0	0	0	0	0	0	0	0	0	0	0
22	68	55	58	70	72	61	64	74	0	0	0	0	0	0	0	0	0	0	0	0	0	0	0	0	0	0	0
23	69	70	20	19	73	74	26	25	0	0	0	0	0	0	0	0	0	0	0	0	0	0	0	0	0	0	0
24	70	58	1	20	74	64	10	26	0	0	0	0	0	0	0	0	0	0	0	0	0	0	0	0	0	0	0
25	75	76	78	77	79	80	82	81	0	0	0	0	0	0	0	0	0	0	0	0	0	0	0	0	0	0	0
26	76	67	69	78	80	71	73	82	0	0	0	0	0	0	0	0	0	0	0	0	0	0	0	0	0	0	0
27	77	78	32	31	81	82	38	37	0	0	0	0	0	0	0	0	0	0	0	0	0	0	0	0	0	0	0
28	78	69	19	32	82	73	25	38	0	0	0	0	0	0	0	0	0	0	0	0	0	0	0	0	0	0	0
29	83	84	86	85	87	88	90	89	0	0	0	0	0	0	0	0	0	0	0	0	0	0	0	0	0	0	0
30	84	75	77	86	88	79	81	90	0	0	0	0	0	0	0	0	0	0	0	0	0	0	0	0	0	0	0
31	85	86	44	43	89	90	50	49	0	0	0	0	0	0	0	0	0	0	0	0	0	0	0	0	0	0	0
32	86	77	31	44	90	81	37	50	0	0	0	0	0	0	0	0	0	0	0	0	0	0	0	0	0	0	0
33	91	92	95	94	97	98	101	100	0	0	0	0	0	0	0	0	0	0	0	0	0	0	0	0	0	0	0
34	92	93	96	95	98	99	102	101	0	0	0	0	0	0	0	0	0	0	0	0	0	0	0	0	0	0	0
35	94	95	56	55	100	101	62	61	0	0	0	0	0	0	0	0	0	0	0	0	0	0	0	0	0	0	0
36	95	96	57	56	101	102	63	62	0	0	0	0	0	0	0	0	0	0	0	0	0	0	0	0	0	0	0
37	103	104	106	105	107	108	110	109	0	0	0	0	0	0	0	0	0	0	0	0	0	0	0	0	0	0	0
38	104	91	94	106	108	97	100	110	0	0	0	0	0	0	0	0	0	0	0	0	0	0	0	0	0	0	0
39	105	106	68	67	109	110	72	71	0	0	0	0	0	0	0	0	0	0	0	0	0	0	0	0	0	0	0
40	106	94	55	68	110	100	61	72	0	0	0	0	0	0	0	0	0	0	0	0	0	0	0	0	0	0	0
41	111	112	114	113	115	116	118	117	0	0	0	0	0	0	0	0	0	0	0	0	0	0	0	0	0	0	0
42	112	103	105	114	116	107	109	118	0	0	0	0	0	0	0	0	0	0	0	0	0	0	0	0	0	0	0
43	113	114	76	75	117	118	80	79	0	0	0	0	0	0	0	0	0	0	0	0	0	0	0	0	0	0	0
44	114	105	67	76	118	109	71	80	0	0	0	0	0	0	0	0	0	0	0	0	0	0	0	0	0	0	0
45	119	120	122	121	123	124	126	125	0	0	0	0	0	0	0	0	0	0	0	0	0	0	0	0	0	0	0
46	120	111	113	122	124	115	117	126	0	0	0	0	0	0	0	0	0	0	0	0	0	0	0	0	0	0	0
47	121	122	84	83	125	126	88	87	0	0	0	0	0	0	0	0	0	0	0	0	0	0	0	0	0	0	0
48	122	113	75	84	126	117	79	88	0	0	0	0	0	0	0	0	0	0	0	0	0	0	0	0	0	0	0
49	127	128	131	130	133	134	137	136	0	0	0	0	0	0	0	0	0	0	0	0	0	0	0	0	0	0	0
50	128	129	132	131	134	135	138	137	0	0	0	0	0	0	0	0	0	0	0	0	0	0	0	0	0	0	0
51	130	131	92	91	136	137	98	97	0	0	0	0	0	0	0	0	0	0	0	0	0	0	0	0	0	0	0
52	131	132	93	92	137	138	99	98	0	0	0	0	0	0	0	0	0	0	0	0	0	0	0	0	0	0	0
53	139	140	142	141	143	144	146	145	0	0	0	0	0	0	0	0	0	0	0	0	0	0	0	0	0	0	0
54	140	127	130	142	144	133	136	146	0	0	0	0	0	0	0	0	0	0	0	0	0	0	0	0	0	0	0
55	141	142	104	103	145	146	108	107	0	0	0	0	0	0	0	0	0	0	0	0	0	0	0	0	0	0	0
56	142	130	91	104	146	136	97	108	0	0	0	0	0	0	0	0	0	0	0	0	0	0	0	0	0	0	0
57	147	148	150	149	151	152	154	153	0	0	0	0	0	0	0	0	0	0	0	0	0	0	0	0	0	0	0
58	148	139	141	150	152	143	145	154	0	0	0	0	0	0	0	0	0	0	0	0	0	0	0	0	0	0	0
59	149	150	112	111	153	154	116	115	0	0	0	0	0	0	0	0	0	0	0	0	0	0	0	0	0	0	0
60	150	141	103	112	154	145	107	116	0	0	0	0	0	0	0	0	0	0	0	0	0	0	0	0	0	0	0
61	155	156	158	157	159	160	162	161	0	0	0	0	0	0	0	0	0	0	0	0	0	0	0	0	0	0	0
62	156	147	149	158	160	151	153	162	0	0	0	0	0	0	0	0	0	0	0	0	0	0	0	0	0	0	0
63	157	158	120	119	161	162	124	123	0	0	0	0	0	0	0	0	0	0	0	0	0	0	0	0	0	0	0
64	158	149	111	120	162	153	115	124	0	0	0	0	0	0	0	0	0	0	0	0	0	0	0	0	0	0	0
65	163	164	167	166	1	2	5	4	0	0	0	0	0	0	0	0	0	0	0	0	0	0	0	0	0	0	0
66	164	165	168	167	2	3	6	5	0	0	0	0	0	0	0	0	0	0	0	0	0	0	0	0	0	0	0
67	166	167	170	169	4	5	8	7	0	0	0	0	0	0	0	0	0	0	0	0	0	0	0	0	0	0	0
68	167	168	171	170	5	6	9	8	0	0	0	0	0	0	0	0	0	0	0	0	0	0	0	0	0	0	0
69	172	173	175	174	19	20	22	21	0	0	0	0	0	0	0	0	0	0	0	0	0	0	0	0	0	0	0
70	173	163	166	175	20	1	4	22	0	0	0	0	0	0	0	0	0	0	0	0	0	0	0	0	0	0	0
71	174	175	177	176	21	22	24	23	0	0	0	0	0	0	0	0	0	0	0	0	0	0	0	0	0	0	0
72	175	166	169	177	22	4	7	24	0	0	0	0	0	0	0	0	0	0	0	0	0	0	0	0	0	0	0
73	178	179	181	180	31	32	34	33	0	0	0	0	0	0	0	0	0	0	0	0	0	0	0	0	0	0	0
74	179	172	174	181	32	19	21	34	0	0	0	0	0	0	0	0	0	0	0	0	0	0	0	0	0	0	0
75	180	181	183	182	33	34	36	35	0	0	0	0	0	0	0	0	0	0	0	0	0	0	0	0	0	0	0
76	181	174	176	183	34	21	23	36	0	0	0	0	0	0	0	0	0	0	0	0	0	0	0	0	0	0	0
77	184	185	187	186	43	44	46	45	0	0	0	0	0	0	0	0	0	0	0	0	0	0	0	0	0	0	0
78	185	178	180	187	44	31	33	46	0	0	0	0	0	0	0	0	0	0	0	0	0	0	0	0	0	0	0
79	186	187	189	188	45	46	48	47	0	0	0	0	0	0	0	0	0	0	0	0	0	0	0	0	0	0	0
80	187	180	182	189	46	33	35	48	0	0	0	0	0	0	0	0	0	0	0	0	0	0	0	0	0	0	0
81	190	191	194	193	55	56	59	58	0	0	0	0	0	0	0	0	0	0	0	0	0	0	0	0	0	0	0
82	191	192	195	194	56	57	60	59	0	0	0	0	0	0	0	0	0	0	0	0	0	0	0	0	0	0	0
83	193	194	164	163	58	59	2	1	0	0	0	0	0	0	0	0	0	0	0	0	0	0	0	0	0	0	0
84	194	195	165	164	59	60	3	2	0	0	0	0	0	0	0	0	0	0	0	0	0	0	0	0	0	0	0
85	196	197	199	198	67	68	70	69	0	0	0	0	0	0	0	0	0	0	0	0	0	0	0	0	0	0	0
86	197	190	193	199	68	55	58	70	0	0	0	0	0	0	0	0	0	0	0	0	0	0	0	0	0	0	0
87	198	199	201	200	69	70	20	19	0	0	0	0	0	0	0	0	0	0	0	0	0	0	0	0	0	0	0
88	199	193	163	201	70	58	1	20	0	0	0	0	0	0	0	0	0	0	0	0	0	0	0	0	0	0	0
89	202	203	205	204	75	76	78	77	0	0	0	0	0	0	0	0	0	0	0	0	0	0	0	0	0	0	0
90	203	196	198	205	76	67	69	78	0	0	0	0	0	0	0	0	0	0	0	0	0	0	0	0	0	0	0
91	204	205	206	178	77	78	32	31	0	0	0	0	0	0	0	0	0	0	0	0	0	0	0	0	0	0	0
92	205	198	200	206	78	69	19	32	0	0	0	0	0	0	0	0	0	0	0	0	0	0	0	0	0	0	0
93	207	208	210	209	83	84	86	85	0	0	0	0	0	0	0	0	0	0	0	0	0	0	0	0	0	0	0
94	208	202	204	210	84	75	77	86	0	0	0	0	0	0	0	0	0	0	0	0	0	0	0	0	0	0	0
95	209	210	185	184	85	86	44	43	0	0	0	0	0	0	0	0	0	0	0	0	0	0	0	0	0	0	0
96	210	204	178	185	86	77	31	44	0	0	0	0	0	0	0	0	0	0	0	0	0	0	0	0	0	0	0
97	211	212	215	214	91	92	95	94	0	0	0	0	0	0	0	0	0	0	0	0	0	0	0	0	0	0	0
98	212	213	216	215	92	93	96	95	0	0	0	0	0	0	0	0	0	0	0	0	0	0	0	0	0	0	0
99	214	215	191	190	94	95	56	55	0	0	0	0	0	0	0	0	0	0	0	0	0	0	0	0	0	0	0
100	215	216	192	191	95	96	57	56	0	0	0	0	0	0	0	0	0	0	0	0	0	0	0	0	0	0	0
101	217	218	220	219	103	104	106	105	0	0	0	0	0	0	0	0	0	0	0	0	0	0	0	0	0	0	0
102	218	211	214	220	104	91	94	106	0	0	0	0	0	0	0	0	0	0	0	0	0	0	0	0	0	0	0
103	219	220	222	221	105	106	68	67	0	0	0	0	0	0	0	0	0	0	0	0	0	0	0	0	0	0	0
104	220	214	190	222	106	94	55	68	0	0	0	0	0	0	0	0	0	0	0	0	0	0	0	0	0	0	0
105	223	224	226	225	111	112	114	113	0	0	0	0	0	0	0	0	0	0	0	0	0	0	0	0	0	0	0
106	224	217	219	226	112	103	105	114	0	0	0	0	0	0	0	0	0	0	0	0	0	0	0	0	0	0	0
107	225	226	227	202	113	114	76	75	0	0	0	0	0	0	0	0	0	0	0	0	0	0	0	0	0	0	0
108	226	219	221	227	114	105	67	76	0	0	0	0	0	0	0	0	0	0	0	0	0	0	0	0	0	0	0
109	228	229	231	230	119	120	122	121	0	0	0	0	0	0	0	0	0	0	0	0	0	0	0	0	0	0	0
110	229	223	225	231	120	111	113	122	0	0	0	0	0	0	0	0	0	0	0	0	0	0	0	0	0	0	0
111	230	231	208	207	121	122	84	83	0	0	0	0	0	0	0	0	0	0	0	0	0	0	0	0	0	0	0
112	231	225	202	208	122	113	75	84	0	0	0	0	0	0	0	0	0	0	0	0	0	0	0	0	0	0	0
113	232	233	236	235	127	128	131	130	0	0	0	0	0	0	0	0	0	0	0	0	0	0	0	0	0	0	0
114	233	234	237	236	128	129	132	131	0	0	0	0	0	0	0	0	0	0	0	0	0	0	0	0	0	0	0
115	235	236	212	211	130	131	92	91	0	0	0	0	0	0	0	0	0	0	0	0	0	0	0	0	0	0	0
116	236	237	213	212	131	132	93	92	0	0	0	0	0	0	0	0	0	0	0	0	0	0	0	0	0	0	0
117	238	239	241	240	139	140	142	141	0	0	0	0	0	0	0	0	0	0	0	0	0	0	0	0	0	0	0
118	239	232	235	241	140	127	130	142	0	0	0	0	0	0	0	0	0	0	0	0	0	0	0	0	0	0	0
119	240	241	243	242	141	142	104	103	0	0	0	0	0	0	0	0	0	0	0	0	0	0	0	0	0	0	0
120	241	235	211	243	142	130	91	104	0	0	0	0	0	0	0	0	0	0	0	0	0	0	0	0	0	0	0
121	244	245	247	246	147	148	150	149	0	0	0	0	0	0	0	0	0	0	0	0	0	0	0	0	0	0	0
122	245	238	240	247	148	139	141	150	0	0	0	0	0	0	0	0	0	0	0	0	0	0	0	0	0	0	0
123	246	247	248	223	149	150	112	111	0	0	0	0	0	0	0	0	0	0	0	0	0	0	0	0	0	0	0
124	247	240	242	248	150	141	103	112	0	0	0	0	0	0	0	0	0	0	0	0	0	0	0	0	0	0	0
125	249	250	252	251	155	156	158	157	0	0	0	0	0	0	0	0	0	0	0	0	0	0	0	0	0	0	0
126	250	244	246	252	156	147	149	158	0	0	0	0	0	0	0	0	0	0	0	0	0	0	0	0	0	0	0
127	251	252	229	228	157	158	120	119	0	0	0	0	0	0	0	0	0	0	0	0	0	0	0	0	0	0	0
128	252	246	223	229	158	149	111	120	0	0	0	0	0	0	0	0	0	0	0	0	0	0	0	0	0	0	0
129	253	254	257	256	163	164	167	166	0	0	0	0	0	0	0	0	0	0	0	0	0	0	0	0	0	0	0
130	254	255	258	257	164	165	168	167	0	0	0	0	0	0	0	0	0	0	0	0	0	0	0	0	0	0	0
131	256	257	260	259	166	167	170	169	0	0	0	0	0	0	0	0	0	0	0	0	0	0	0	0	0	0	0
132	257	258	261	260	167	168	171	170	0	0	0	0	0	0	0	0	0	0	0	0	0	0	0	0	0	0	0
133	262	263	265	264	172	173	175	174	0	0	0	0	0	0	0	0	0	0	0	0	0	0	0	0	0	0	0
134	263	253	256	265	173	163	166	175	0	0	0	0	0	0	0	0	0	0	0	0	0	0	0	0	0	0	0
135	264	265	267	266	174	175	177	176	0	0	0	0	0	0	0	0	0	0	0	0	0	0	0	0	0	0	0
136	265	256	259	267	175	166	169	177	0	0	0	0	0	0	0	0	0	0	0	0	0	0	0	0	0	0	0
137	268	269	271	270	178	179	181	180	0	0	0	0	0	0	0	0	0	0	0	0	0	0	0	0	0	0	0
138	269	262	264	271	179	172	174	181	0	0	0	0	0	0	0	0	0	0	0	0	0	0	0	0	0	0	0
139	270	271	273	272	180	181	183	182	0	0	0	0	0	0	0	0	0	0	0	0	0	0	0	0	0	0	0
140	271	264	266	273	181	174	176	183	0	0	0	0	0	0	0	0	0	0	0	0	0	0	0	0	0	0	0
141	274	275	277	276	184	185	187	186	0	0	0	0	0	0	0	0	0	0	0	0	0	0	0	0	0	0	0
142	275	268	270	277	185	178	180	187	0	0	0	0	0	0	0	0	0	0	0	0	0	0	0	0	0	0	0
143	276	277	279	278	186	187	189	188	0	0	0	0	0	0	0	0	0	0	0	0	0	0	0	0	0	0	0
144	277	270	272	279	187	180	182	189	0	0	0	0	0	0	0	0	0	0	0	0	0	0	0	0	0	0	0
145	280	281	284	283	190	191	194	193	0	0	0	0	0	0	0	0	0	0	0	0	0	0	0	0	0	0	0
146	281	282	285	284	191	192	195	194	0	0	0	0	0	0	0	0	0	0	0	0	0	0	0	0	0	0	0
147	283	284	254	253	193	194	164	163	0	0	0	0	0	0	0	0	0	0	0	0	0	0	0	0	0	0	0
148	284	285	255	254	194	195	165	164	0	0	0	0	0	0	0	0	0	0	0	0	0	0	0	0	0	0	0
149	286	287	289	288	196	197	199	198	0	0	0	0	0	0	0	0	0	0	0	0	0	0	0	0	0	0	0
150	287	280	283	289	197	190	193	199	0	0	0	0	0	0	0	0	0	0	0	0	0	0	0	0	0	0	0
151	288	289	291	290	198	199	201	200	0	0	0	0	0	0	0	0	0	0	0	0	0	0	0	0	0	0	0
152	289	283	253	291	199	193	163	201	0	0	0	0	0	0	0	0	0	0	0	0	0	0	0	0	0	0	0
153	292	293	295	294	202	203	205	204	0	0	0	0	0	0	0	0	0	0	0	0	0	0	0	0	0	0	0
154	293	286	288	295	203	196	198	205	0	0	0	0	0	0	0	0	0	0	0	0	0	0	0	0	0	0	0
155	294	295	296	268	204	205	206	178	0	0	0	0	0	0	0	0	0	0	0	0	0	0	0	0	0	0	0
156	295	288	290	296	205	198	200	206	0	0	0	0	0	0	0	0	0	0	0	0	0	0	0	0	0	0	0
157	297	298	300	299	207	208	210	209	0	0	0	0	0	0	0	0	0	0	0	0	0	0	0	0	0	0	0
158	298	292	294	300	208	202	204	210	0	0	0	0	0	0	0	0	0	0	0	0	0	0	0	0	0	0	0
159	299	300	275	274	209	210	185	184	0	0	0	0	0	0	0	0	0	0	0	0	0	0	0	0	0	0	0
160	300	294	268	275	210	204	178	185	0	0	0	0	0	0	0	0	0	0	0	0	0	0	0	0	0	0	0
161	301	302	305	304	211	212	215	214	0	0	0	0	0	0	0	0	0	0	0	0	0	0	0	0	0	0	0
162	302	303	306	305	212	213	216	215	0	0	0	0	0	0	0	0	0	0	0	0	0	0	0	0	0	0	0
163	304	305	281	280	214	215	191	190	0	0	0	0	0	0	0	0	0	0	0	0	0	0	0	0	0	0	0
164	305	306	282	281	215	216	192	191	0	0	0	0	0	0	0	0	0	0	0	0	0	0	0	0	0	0	0
165	307	308	310	309	217	218	220	219	0	0	0	0	0	0	0	0	0	0	0	0	0	0	0	0	0	0	0
166	308	301	304	310	218	211	214	220	0	0	0	0	0	0	0	0	0	0	0	0	0	0	0	0	0	0	0
167	309	310	312	311	219	220	222	221	0	0	0	0	0	0	0	0	0	0	0	0	0	0	0	0	0	0	0
168	310	304	280	312	220	214	190	222	0	0	0	0	0	0	0	0	0	0	0	0	0	0	0	0	0	0	0
169	313	314	316	315	223	224	226	225	0	0	0	0	0	0	0	0	0	0	0	0	0	0	0	0	0	0	0
170	314	307	309	316	224	217	219	226	0	0	0	0	0	0	0	0	0	0	0	0	0	0	0	0	0	0	0
171	315	316	317	292	225	226	227	202	0	0	0	0	0	0	0	0	0	0	0	0	0	0	0	0	0	0	0
172	316	309	311	317	226	219	221	227	0	0	0	0	0	0	0	0	0	0	0	0	0	0	0	0	0	0	0
173	318	319	321	320	228	229	231	230	0	0	0	0	0	0	0	0	0	0	0	0	0	0	0	0	0	0	0
174	319	313	315	321	229	223	225	231	0	0	0	0	0	0	0	0	0	0	0	0	0	0	0	0	0	0	0
175	320	321	298	297	230	231	208	207	0	0	0	0	0	0	0	0	0	0	0	0	0	0	0	0	0	0	0
176	321	315	292	298	231	225	202	208	0	0	0	0	0	0	0	0	0	0	0	0	0	0	0	0	0	0	0
177	322	323	326	325	232	233	236	235	0	0	0	0	0	0	0	0	0	0	0	0	0	0	0	0	0	0	0
178	323	324	327	326	233	234	237	236	0	0	0	0	0	0	0	0	0	0	0	0	0	0	0	0	0	0	0
179	325	326	302	301	235	236	212	211	0	0	0	0	0	0	0	0	0	0	0	0	0	0	0	0	0	0	0
180	326	327	303	302	236	237	213	212	0	0	0	0	0	0	0	0	0	0	0	0	0	0	0	0	0	0	0
181	328	329	331	330	238	239	241	240	0	0	0	0	0	0	0	0	0	0	0	0	0	0	0	0	0	0	0
182	329	322	325	331	239	232	235	241	0	0	0	0	0	0	0	0	0	0	0	0	0	0	0	0	0	0	0
183	330	331	333	332	240	241	243	242	0	0	0	0	0	0	0	0	0	0	0	0	0	0	0	0	0	0	0
184	331	325	301	333	241	235	211	243	0	0	0	0	0	0	0	0	0	0	0	0	0	0	0	0	0	0	0
185	334	335	337	336	244	245	247	246	0	0	0	0	0	0	0	0	0	0	0	0	0	0	0	0	0	0	0
186	335	328	330	337	245	238	240	247	0	0	0	0	0	0	0	0	0	0	0	0	0	0	0	0	0	0	0
187	336	337	338	313	246	247	248	223	0	0	0	0	0	0	0	0	0	0	0	0	0	0	0	0	0	0	0
188	337	330	332	338	247	240	242	248	0	0	0	0	0	0	0	0	0	0	0	0	0	0	0	0	0	0	0
189	339	340	342	341	249	250	252	251	0	0	0	0	0	0	0	0	0	0	0	0	0	0	0	0	0	0	0
190	340	334	336	342	250	244	246	252	0	0	0	0	0	0	0	0	0	0	0	0	0	0	0	0	0	0	0
191	341	342	319	318	251	252	229	228	0	0	0	0	0	0	0	0	0	0	0	0	0	0	0	0	0	0	0
192	342	336	313	319	252	246	223	229	0	0	0	0	0	0	0	0	0	0	0	0	0	0	0	0	0	0	0
193	343	344	347	346	253	254	257	256	0	0	0	0	0	0	0	0	0	0	0	0	0	0	0	0	0	0	0
194	344	345	348	347	254	255	258	257	0	0	0	0	0	0	0	0	0	0	0	0	0	0	0	0	0	0	0
195	346	347	350	349	256	257	260	259	0	0	0	0	0	0	0	0	0	0	0	0	0	0	0	0	0	0	0
196	347	348	351	350	257	258	261	260	0	0	0	0	0	0	0	0	0	0	0	0	0	0	0	0	0	0	0
197	352	353	355	354	262	263	265	264	0	0	0	0	0	0	0	0	0	0	0	0	0	0	0	0	0	0	0
198	353	343	346	355	263	253	256	265	0	0	0	0	0	0	0	0	0	0	0	0	0	0	0	0	0	0	0
199	354	355	357	356	264	265	267	266	0	0	0	0	0	0	0	0	0	0	0	0	0	0	0	0	0	0	0
200	355	346	349	357	265	256	259	267	0	0	0	0	0	0	0	0	0	0	0	0	0	0	0	0	0	0	0
201	358	359	361	360	268	269	271	270	0	0	0	0	0	0	0	0	0	0	0	0	0	0	0	0	0	0	0
202	359	352	354	361	269	262	264	271	0	0	0	0	0	0	0	0	0	0	0	0	0	0	0	0	0	0	0
203	360	361	363	362	270	271	273	272	0	0	0	0	0	0	0	0	0	0	0	0	0	0	0	0	0	0	0
204	361	354	356	363	271	264	266	273	0	0	0	0	0	0	0	0	0	0	0	0	0	0	0	0	0	0	0
205	364	365	367	366	274	275	277	276	0	0	0	0	0	0	0	0	0	0	0	0	0	0	0	0	0	0	0
206	365	358	360	367	275	268	270	277	0	0	0	0	0	0	0	0	0	0	0	0	0	0	0	0	0	0	0
207	366	367	369	368	276	277	279	278	0	0	0	0	0	0	0	0	0	0	0	0	0	0	0	0	0	0	0
208	367	360	362	369	277	270	272	279	0	0	0	0	0	0	0	0	0	0	0	0	0	0	0	0	0	0	0
209	370	371	374	373	280	281	284	283	0	0	0	0	0	0	0	0	0	0	0	0	0	0	0	0	0	0	0
210	371	372	375	374	281	282	285	284	0	0	0	0	0	0	0	0	0	0	0	0	0	0	0	0	0	0	0
211	373	374	344	343	283	284	254	253	0	0	0	0	0	0	0	0	0	0	0	0	0	0	0	0	0	0	0
212	374	375	345	344	284	285	255	254	0	0	0	0	0	0	0	0	0	0	0	0	0	0	0	0	0	0	0
213	376	377	379	378	286	287	289	288	0	0	0	0	0	0	0	0	0	0	0	0	0	0	0	0	0	0	0
214	377	370	373	379	287	280	283	289	0	0	0	0	0	0	0	0	0	0	0	0	0	0	0	0	0	0	0
215	378	379	381	380	288	289	291	290	0	0	0	0	0	0	0	0	0	0	0	0	0	0	0	0	0	0	0
216	379	373	343	381	289	283	253	291	0	0	0	0	0	0	0	0	0	0	0	0	0	0	0	0	0	0	0
217	382	383	385	384	292	293	295	294	0	0	0	0	0	0	0	0	0	0	0	0	0	0	0	0	0	0	0
218	383	376	378	385	293	286	288	295	0	0	0	0	0	0	0	0	0	0	0	0	0	0	0	0	0	0	0
219	384	385	386	358	294	295	296	268	0	0	0	0	0	0	0	0	0	0	0	0	0	0	0	0	0	0	0
220	385	378	380	386	295	288	290	296	0	0	0	0	0	0	0	0	0	0	0	0	0	0	0	0	0	0	0
221	387	388	390	389	297	298	300	299	0	0	0	0	0	0	0	0	0	0	0	0	0	0	0	0	0	0	0
222	388	382	384	390	298	292	294	300	0	0	0	0	0	0	0	0	0	0	0	0	0	0	0	0	0	0	0
223	389	390	365	364	299	300	275	274	0	0	0	0	0	0	0	0	0	0	0	0	0	0	0	0	0	0	0
224	390	384	358	365	300	294	268	275	0	0	0	0	0	0	0	0	0	0	0	0	0	0	0	0	0	0	0
225	391	392	395	394	301	302	305	304	0	0	0	0	0	0	0	0	0	0	0	0	0	0	0	0	0	0	0
226	392	393	396	395	302	303	306	305	0	0	0	0	0	0	0	0	0	0	0	0	0	0	0	0	0	0	0
227	394	395	371	370	304	305	281	280	0	0	0	0	0	0	0	0	0	0	0	0	0	0	0	0	0	0	0
228	395	396	372	371	305	306	282	281	0	0	0	0	0	0	0	0	0	0	0	0	0	0	0	0	0	0	0
229	397	398	400	399	307	308	310	309	0	0	0	0	0	0	0	0	0	0	0	0	0	0	0	0	0	0	0
230	398	391	394	400	308	301	304	310	0	0	0	0	0	0	0	0	0	0	0	0	0	0	0	0	0	0	0
231	399	400	402	401	309	310	312	311	0	0	0	0	0	0	0	0	0	0	0	0	0	0	0	0	0	0	0
232	400	394	370	402	310	304	280	312	0	0	0	0	0	0	0	0	0	0	0	0	0	0	0	0	0	0	0
233	403	404	406	405	313	314	316	315	0	0	0	0	0	0	0	0	0	0	0	0	0	0	0	0	0	0	0
234	404	397	399	406	314	307	309	316	0	0	0	0	0	0	0	0	0	0	0	0	0	0	0	0	0	0	0
235	405	406	407	382	315	316	317	292	0	0	0	0	0	0	0	0	0	0	0	0	0	0	0	0	0	0	0
236	406	399	401	407	316	309	311	317	0	0	0	0	0	0	0	0	0	0	0	0	0	0	0	0	0	0	0
237	408	409	411	410	318	319	321	320	0	0	0	0	0	0	0	0	0	0	0	0	0	0	0	0	0	0	0
238	409	403	405	411	319	313	315	321	0	0	0	0	0	0	0	0	0	0	0	0	0	0	0	0	0	0	0
239	410	411	388	387	320	321	298	297	0	0	0	0	0	0	0	0	0	0	0	0	0	0	0	0	0	0	0
240	411	405	382	388	321	315	292	298	0	0	0	0	0	0	0	0	0	0	0	0	0	0	0	0	0	0	0
241	412	413	416	415	322	323	326	325	0	0	0	0	0	0	0	0	0	0	0	0	0	0	0	0	0	0	0
242	413	414	417	416	323	324	327	326	0	0	0	0	0	0	0	0	0	0	0	0	0	0	0	0	0	0	0
243	415	416	392	391	325	326	302	301	0	0	0	0	0	0	0	0	0	0	0	0	0	0	0	0	0	0	0
244	416	417	393	392	326	327	303	302	0	0	0	0	0	0	0	0	0	0	0	0	0	0	0	0	0	0	0
245	418	419	421	420	328	329	331	330	0	0	0	0	0	0	0	0	0	0	0	0	0	0	0	0	0	0	0
246	419	412	415	421	329	322	325	331	0	0	0	0	0	0	0	0	0	0	0	0	0	0	0	0	0	0	0
247	420	421	423	422	330	331	333	332	0	0	0	0	0	0	0	0	0	0	0	0	0	0	0	0	0	0	0
248	421	415	391	423	331	325	301	333	0	0	0	0	0	0	0	0	0	0	0	0	0	0	0	0	0	0	0
249	424	425	427	426	334	335	337	336	0	0	0	0	0	0	0	0	0	0	0	0	0	0	0	0	0	0	0
250	425	418	420	427	335	328	330	337	0	0	0	0	0	0	0	0	0	0	0	0	0	0	0	0	0	0	0
251	426	427	428	403	336	337	338	313	0	0	0	0	0	0	0	0	0	0	0	0	0	0	0	0	0	0	0
252	427	420	422	428	337	330	332	338	0	0	0	0	0	0	0	0	0	0	0	0	0	0	0	0	0	0	0
253	429	430	432	431	339	340	342	341	0	0	0	0	0	0	0	0	0	0	0	0	0	0	0	0	0	0	0
254	430	424	426	432	340	334	336	342	0	0	0	0	0	0	0	0	0	0	0	0	0	0	0	0	0	0	0
255	431	432	409	408	341	342	319	318	0	0	0	0	0	0	0	0	0	0	0	0	0	0	0	0	0	0	0
256	432	426	403	409	342	336	313	319	0	0	0	0	0	0	0	0	0	0	0	0	0	0	0	0	0	0	0
257	433	434	437	436	343	344	347	346	0	0	0	0	0	0	0	0	0	0	0	0	0	0	0	0	0	0	0
258	434	435	438	437	344	345	348	347	0	0	0	0	0	0	0	0	0	0	0	0	0	0	0	0	0	0	0
259	436	437	440	439	346	347	350	349	0	0	0	0	0	0	0	0	0	0	0	0	0	0	0	0	0	0	0
260	437	438	441	440	347	348	351	350	0	0	0	0	0	0	0	0	0	0	0	0	0	0	0	0	0	0	0
261	442	443	445	444	352	353	355	354	0	0	0	0	0	0	0	0	0	0	0	0	0	0	0	0	0	0	0
262	443	433	436	445	353	343	346	355	0	0	0	0	0	0	0	0	0	0	0	0	0	0	0	0	0	0	0
263	444	445	447	446	354	355	357	356	0	0	0	0	0	0	0	0	0	0	0	0	0	0	0	0	0	0	0
264	445	436	439	447	355	346	349	357	0	0	0	0	0	0	0	0	0	0	0	0	0	0	0	0	0	0	0
265	448	449	451	450	358	359	361	360	0	0	0	0	0	0	0	0	0	0	0	0	0	0	0	0	0	0	0
266	449	442	444	451	359	352	354	361	0	0	0	0	0	0	0	0	0	0	0	0	0	0	0	0	0	0	0
267	450	451	453	452	360	361	363	362	0	0	0	0	0	0	0	0	0	0	0	0	0	0	0	0	0	0	0
268	451	444	446	453	361	354	356	363	0	0	0	0	0	0	0	0	0	0	0	0	0	0	0	0	0	0	0
269	454	455	457	456	364	365	367	366	0	0	0	0	0	0	0	0	0	0	0	0	0	0	0	0	0	0	0
270	455	448	450	457	365	358	360	367	0	0	0	0	0	0	0	0	0	0	0	0	0	0	0	0	0	0	0
271	456	457	459	458	366	367	369	368	0	0	0	0	0	0	0	0	0	0	0	0	0	0	0	0	0	0	0
272	457	450	452	459	367	360	362	369	0	0	0	0	0	0	0	0	0	0	0	0	0	0	0	0	0	0	0
273	460	461	464	463	370	371	374	373	0	0	0	0	0	0	0	0	0	0	0	0	0	0	0	0	0	0	0
274	461	462	465	464	371	372	375	374	0	0	0	0	0	0	0	0	0	0	0	0	0	0	0	0	0	0	0
275	463	464	434	433	373	374	344	343	0	0	0	0	0	0	0	0	0	0	0	0	0	0	0	0	0	0	0
276	464	465	435	434	374	375	345	344	0	0	0	0	0	0	0	0	0	0	0	0	0	0	0	0	0	0	0
277	466	467	469	468	376	377	379	378	0	0	0	0	0	0	0	0	0	0	0	0	0	0	0	0	0	0	0
278	467	460	463	469	377	370	373	379	0	0	0	0	0	0	0	0	0	0	0	0	0	0	0	0	0	0	0
279	468	469	471	470	378	379	381	380	0	0	0	0	0	0	0	0	0	0	0	0	0	0	0	0	0	0	0
280	469	463	433	471	379	373	343	381	0	0	0	0	0	0	0	0	0	0	0	0	0	0	0	0	0	0	0
281	472	473	475	474	382	383	385	384	0	0	0	0	0	0	0	0	0	0	0	0	0	0	0	0	0	0	0
282	473	466	468	475	383	376	378	385	0	0	0	0	0	0	0	0	0	0	0	0	0	0	0	0	0	0	0
283	474	475	476	448	384	385	386	358	0	0	0	0	0	0	0	0	0	0	0	0	0	0	0	0	0	0	0
284	475	468	470	476	385	378	380	386	0	0	0	0	0	0	0	0	0	0	0	0	0	0	0	0	0	0	0
285	477	478	480	479	387	388	390	389	0	0	0	0	0	0	0	0	0	0	0	0	0	0	0	0	0	0	0
286	478	472	474	480	388	382	384	390	0	0	0	0	0	0	0	0	0	0	0	0	0	0	0	0	0	0	0
287	479	480	455	454	389	390	365	364	0	0	0	0	0	0	0	0	0	0	0	0	0	0	0	0	0	0	0
288	480	474	448	455	390	384	358	365	0	0	0	0	0	0	0	0	0	0	0	0	0	0	0	0	0	0	0
289	481	482	485	484	391	392	395	394	0	0	0	0	0	0	0	0	0	0	0	0	0	0	0	0	0	0	0
290	482	483	486	485	392	393	396	395	0	0	0	0	0	0	0	0	0	0	0	0	0	0	0	0	0	0	0
291	484	485	461	460	394	395	371	370	0	0	0	0	0	0	0	0	0	0	0	0	0	0	0	0	0	0	0
292	485	486	462	461	395	396	372	371	0	0	0	0	0	0	0	0	0	0	0	0	0	0	0	0	0	0	0
293	487	488	490	489	397	398	400	399	0	0	0	0	0	0	0	0	0	0	0	0	0	0	0	0	0	0	0
294	488	481	484	490	398	391	394	400	0	0	0	0	0	0	0	0	0	0	0	0	0	0	0	0	0	0	0
295	489	490	492	491	399	400	402	401	0	0	0	0	0	0	0	0	0	0	0	0	0	0	0	0	0	0	0
296	490	484	460	492	400	394	370	402	0	0	0	0	0	0	0	0	0	0	0	0	0	0	0	0	0	0	0
297	493	494	496	495	403	404	406	405	0	0	0	0	0	0	0	0	0	0	0	0	0	0	0	0	0	0	0
298	494	487	489	496	404	397	399	406	0	0	0	0	0	0	0	0	0	0	0	0	0	0	0	0	0	0	0
299	495	496	497	472	405	406	407	382	0	0	0	0	0	0	0	0	0	0	0	0	0	0	0	0	0	0	0
300	496	489	491	497	406	399	401	407	0	0	0	0	0	0	0	0	0	0	0	0	0	0	0	0	0	0	0
301	498	499	501	500	408	409	411	410	0	0	0	0	0	0	0	0	0	0	0	0	0	0	0	0	0	0	0
302	499	493	495	501	409	403	405	411	0	0	0	0	0	0	0	0	0	0	0	0	0	0	0	0	0	0	0
303	500	501	478	477	410	411	388	387	0	0	0	0	0	0	0	0	0	0	0	0	0	0	0	0	0	0	0
304	501	495	472	478	411	405	382	388	0	0	0	0	0	0	0	0	0	0	0	0	0	0	0	0	0	0	0
305	502	503	506	505	412	413	416	415	0	0	0	0	0	0	0	0	0	0	0	0	0	0	0	0	0	0	0
306	503	504	507	506	413	414	417	416	0	0	0	0	0	0	0	0	0	0	0	0	0	0	0	0	0	0	0
307	505	506	482	481	415	416	392	391	0	0	0	0	0	0	0	0	0	0	0	0	0	0	0	0	0	0	0
308	506	507	483	482	416	417	393	392	0	0	0	0	0	0	0	0	0	0	0	0	0	0	0	0	0	0	0
309	508	509	511	510	418	419	421	420	0	0	0	0	0	0	0	0	0	0	0	0	0	0	0	0	0	0	0
310	509	502	505	511	419	412	415	421	0	0	0	0	0	0	0	0	0	0	0	0	0	0	0	0	0	0	0
311	510	511	513	512	420	421	423	422	0	0	0	0	0	0	0	0	0	0	0	0	0	0	0	0	0	0	0
312	511	505	481	513	421	415	391	423	0	0	0	0	0	0	0	0	0	0	0	0	0	0	0	0	0	0	0
313	514	515	517	516	424	425	427	426	0	0	0	0	0	0	0	0	0	0	0	0	0	0	0	0	0	0	0
314	515	508	510	517	425	418	420	427	0	0	0	0	0	0	0	0	0	0	0	0	0	0	0	0	0	0	0
315	516	517	518	493	426	427	428	403	0	0	0	0	0	0	0	0	0	0	0	0	0	0	0	0	0	0	0
316	517	510	512	518	427	420	422	428	0	0	0	0	0	0	0	0	0	0	0	0	0	0	0	0	0	0	0
317	519	520	522	521	429	430	432	431	0	0	0	0	0	0	0	0	0	0	0	0	0	0	0	0	0	0	0
318	520	514	516	522	430	424	426	432	0	0	0	0	0	0	0	0	0	0	0	0	0	0	0	0	0	0	0
319	521	522	499	498	431	432	409	408	0	0	0	0	0	0	0	0	0	0	0	0	0	0	0	0	0	0	0
320	522	516	493	499	432	426	403	409	0	0	0	0	0	0	0	0	0	0	0	0	0	0	0	0	0	0	0
321	523	524	527	526	433	434	437	436	0	0	0	0	0	0	0	0	0	0	0	0	0	0	0	0	0	0	0
322	524	525	528	527	434	435	438	437	0	0	0	0	0	0	0	0	0	0	0	0	0	0	0	0	0	0	0
323	526	527	530	529	436	437	440	439	0	0	0	0	0	0	0	0	0	0	0	0	0	0	0	0	0	0	0
324	527	528	531	530	437	438	441	440	0	0	0	0	0	0	0	0	0	0	0	0	0	0	0	0	0	0	0
325	532	533	535	534	442	443	445	444	0	0	0	0	0	0	0	0	0	0	0	0	0	0	0	0	0	0	0
326	533	523	526	535	443	433	436	445	0	0	0	0	0	0	0	0	0	0	0	0	0	0	0	0	0	0	0
327	534	535	537	536	444	445	447	446	0	0	0	0	0	0	0	0	0	0	0	0	0	0	0	0	0	0	0
328	535	526	529	537	445	436	439	447	0	0	0	0	0	0	0	0	0	0	0	0	0	0	0	0	0	0	0
329	538	539	541	540	448	449	451	450	0	0	0	0	0	0	0	0	0	0	0	0	0	0	0	0	0	0	0
330	539	532	534	541	449	442	444	451	0	0	0	0	0	0	0	0	0	0	0	0	0	0	0	0	0	0	0
331	540	541	543	542	450	451	453	452	0	0	0	0	0	0	0	0	0	0	0	0	0	0	0	0	0	0	0
332	541	534	536	543	451	444	446	453	0	0	0	0	0	0	0	0	0	0	0	0	0	0	0	0	0	0	0
333	544	545	547	546	454	455	457	456	0	0	0	0	0	0	0	0	0	0	0	0	0	0	0	0	0	0	0
334	545	538	540	547	455	448	450	457	0	0	0	0	0	0	0	0	0	0	0	0	0	0	0	0	0	0	0
335	546	547	549	548	456	457	459	458	0	0	0	0	0	0	0	0	0	0	0	0	0	0	0	0	0	0	0
336	547	540	542	549	457	450	452	459	0	0	0	0	0	0	0	0	0	0	0	0	0	0	0	0	0	0	0
337	550	551	554	553	460	461	464	463	0	0	0	0	0	0	0	0	0	0	0	0	0	0	0	0	0	0	0
338	551	552	555	554	461	462	465	464	0	0	0	0	0	0	0	0	0	0	0	0	0	0	0	0	0	0	0
339	553	554	524	523	463	464	434	433	0	0	0	0	0	0	0	0	0	0	0	0	0	0	0	0	0	0	0
340	554	555	525	524	464	465	435	434	0	0	0	0	0	0	0	0	0	0	0	0	0	0	0	0	0	0	0
341	556	557	559	558	466	467	469	468	0	0	0	0	0	0	0	0	0	0	0	0	0	0	0	0	0	0	0
342	557	550	553	559	467	460	463	469	0	0	0	0	0	0	0	0	0	0	0	0	0	0	0	0	0	0	0
343	558	559	533	532	468	469	471	470	0	0	0	0	0	0	0	0	0	0	0	0	0	0	0	0	0	0	0
344	559	553	523	533	469	463	433	471	0	0	0	0	0	0	0	0	0	0	0	0	0	0	0	0	0	0	0
345	560	561	563	562	472	473	475	474	0	0	0	0	0	0	0	0	0	0	0	0	0	0	0	0	0	0	0
346	561	556	558	563	473	466	468	475	0	0	0	0	0	0	0	0	0	0	0	0	0	0	0	0	0	0	0
347	562	563	539	538	474	475	476	448	0	0	0	0	0	0	0	0	0	0	0	0	0	0	0	0	0	0	0
348	563	558	532	539	475	468	470	476	0	0	0	0	0	0	0	0	0	0	0	0	0	0	0	0	0	0	0
349	564	565	567	566	477	478	480	479	0	0	0	0	0	0	0	0	0	0	0	0	0	0	0	0	0	0	0
350	565	560	562	567	478	472	474	480	0	0	0	0	0	0	0	0	0	0	0	0	0	0	0	0	0	0	0
351	566	567	545	544	479	480	455	454	0	0	0	0	0	0	0	0	0	0	0	0	0	0	0	0	0	0	0
352	567	562	538	545	480	474	448	455	0	0	0	0	0	0	0	0	0	0	0	0	0	0	0	0	0	0	0
353	568	569	572	571	481	482	485	484	0	0	0	0	0	0	0	0	0	0	0	0	0	0	0	0	0	0	0
354	569	570	573	572	482	483	486	485	0	0	0	0	0	0	0	0	0	0	0	0	0	0	0	0	0	0	0
355	571	572	551	550	484	485	461	460	0	0	0	0	0	0	0	0	0	0	0	0	0	0	0	0	0	0	0
356	572	573	552	551	485	486	462	461	0	0	0	0	0	0	0	0	0	0	0	0	0	0	0	0	0	0	0
357	574	575	577	576	487	488	490	489	0	0	0	0	0	0	0	0	0	0	0	0	0	0	0	0	0	0	0
358	575	568	571	577	488	481	484	490	0	0	0	0	0	0	0	0	0	0	0	0	0	0	0	0	0	0	0
359	576	577	557	556	489	490	492	491	0	0	0	0	0	0	0	0	0	0	0	0	0	0	0	0	0	0	0
360	577	571	550	557	490	484	460	492	0	0	0	0	0	0	0	0	0	0	0	0	0	0	0	0	0	0	0
361	578	579	581	580	493	494	496	495	0	0	0	0	0	0	0	0	0	0	0	0	0	0	0	0	0	0	0
362	579	574	576	581	494	487	489	496	0	0	0	0	0	0	0	0	0	0	0	0	0	0	0	0	0	0	0
363	580	581	561	560	495	496	497	472	0	0	0	0	0	0	0	0	0	0	0	0	0	0	0	0	0	0	0
364	581	576	556	561	496	489	491	497	0	0	0	0	0	0	0	0	0	0	0	0	0	0	0	0	0	0	0
365	582	583	585	584	498	499	501	500	0	0	0	0	0	0	0	0	0	0	0	0	0	0	0	0	0	0	0
366	583	578	580	585	499	493	495	501	0	0	0	0	0	0	0	0	0	0	0	0	0	0	0	0	0	0	0
367	584	585	565	564	500	501	478	477	0	0	0	0	0	0	0	0	0	0	0	0	0	0	0	0	0	0	0
368	585	580	560	565	501	495	472	478	0	0	0	0	0	0	0	0	0	0	0	0	0	0	0	0	0	0	0
369	586	587	590	589	502	503	506	505	0	0	0	0	0	0	0	0	0	0	0	0	0	0	0	0	0	0	0
370	587	588	591	590	503	504	507	506	0	0	0	0	0	0	0	0	0	0	0	0	0	0	0	0	0	0	0
371	589	590	569	568	505	506	482	481	0	0	0	0	0	0	0	0	0	0	0	0	0	0	0	0	0	0	0
372	590	591	570	569	506	507	483	482	0	0	0	0	0	0	0	0	0	0	0	0	0	0	0	0	0	0	0
373	592	593	595	594	508	509	511	510	0	0	0	0	0	0	0	0	0	0	0	0	0	0	0	0	0	0	0
374	593	586	589	595	509	502	505	511	0	0	0	0	0	0	0	0	0	0	0	0	0	0	0	0	0	0	0
375	594	595	575	574	510	511	513	512	0	0	0	0	0	0	0	0	0	0	0	0	0	0	0	0	0	0	0
376	595	589	568	575	511	505	481	513	0	0	0	0	0	0	0	0	0	0	0	0	0	0	0	0	0	0	0
377	596	597	599	598	514	515	517	516	0	0	0	0	0	0	0	0	0	0	0	0	0	0	0	0	0	0	0
378	597	592	594	599	515	508	510	517	0	0	0	0	0	0	0	0	0	0	0	0	0	0	0	0	0	0	0
379	598	599	579	578	516	517	518	493	0	0	0	0	0	0	0	0	0	0	0	0	0	0	0	0	0	0	0
380	599	594	574	579	517	510	512	518	0	0	0	0	0	0	0	0	0	0	0	0	0	0	0	0	0	0	0
381	600	601	603	602	519	520	522	521	0	0	0	0	0	0	0	0	0	0	0	0	0	0	0	0	0	0	0
382	601	596	598	603	520	514	516	522	0	0	0	0	0	0	0	0	0	0	0	0	0	0	0	0	0	0	0
383	602	603	583	582	521	522	499	498	0	0	0	0	0	0	0	0	0	0	0	0	0	0	0	0	0	0	0
384	603	598	578	583	522	516	493	499	0	0	0	0	0	0	0	0	0	0	0	0	0	0	0	0	0	0	0
385	604	605	608	607	523	524	527	526	0	0	0	0	0	0	0	0	0	0	0	0	0	0	0	0	0	0	0
386	605	606	609	608	524	525	528	527	0	0	0	0	0	0	0	0	0	0	0	0	0	0	0	0	0	0	0
387	607	608	611	610	526	527	530	529	0	0	0	0	0	0	0	0	0	0	0	0	0	0	0	0	0	0	0
388	608	609	612	611	527	528	531	530	0	0	0	0	0	0	0	0	0	0	0	0	0	0	0	0	0	0	0
389	613	614	616	615	532	533	535	534	0	0	0	0	0	0	0	0	0	0	0	0	0	0	0	0	0	0	0
390	614	604	607	616	533	523	526	535	0	0	0	0	0	0	0	0	0	0	0	0	0	0	0	0	0	0	0
391	615	616	618	617	534	535	537	536	0	0	0	0	0	0	0	0	0	0	0	0	0	0	0	0	0	0	0
392	616	607	610	618	535	526	529	537	0	0	0	0	0	0	0	0	0	0	0	0	0	0	0	0	0	0	0
393	619	620	622	621	538	539	541	540	0	0	0	0	0	0	0	0	0	0	0	0	0	0	0	0	0	0	0
394	620	613	615	622	539	532	534	541	0	0	0	0	0	0	0	0	0	0	0	0	0	0	0	0	0	0	0
395	621	622	624	623	540	541	543	542	0	0	0	0	0	0	0	0	0	0	0	0	0	0	0	0	0	0	0
396	622	615	617	624	541	534	536	543	0	0	0	0	0	0	0	0	0	0	0	0	0	0	0	0	0	0	0
397	625	626	628	627	544	545	547	546	0	0	0	0	0	0	0	0	0	0	0	0	0	0	0	0	0	0	0
398	626	619	621	628	545	538	540	547	0	0	0	0	0	0	0	0	0	0	0	0	0	0	0	0	0	0	0
399	627	628	630	629	546	547	549	548	0	0	0	0	0	0	0	0	0	0	0	0	0	0	0	0	0	0	0
400	628	621	623	630	547	540	542	549	0	0	0	0	0	0	0	0	0	0	0	0	0	0	0	0	0	0	0
401	631	632	635	634	550	551	554	553	0	0	0	0	0	0	0	0	0	0	0	0	0	0	0	0	0	0	0
402	632	633	636	635	551	552	555	554	0	0	0	0	0	0	0	0	0	0	0	0	0	0	0	0	0	0	0
403	634	635	605	604	553	554	524	523	0	0	0	0	0	0	0	0	0	0	0	0	0	0	0	0	0	0	0
404	635	636	606	605	554	555	525	524	0	0	0	0	0	0	0	0	0	0	0	0	0	0	0	0	0	0	0
405	637	638	640	639	556	557	559	558	0	0	0	0	0	0	0	0	0	0	0	0	0	0	0	0	0	0	0
406	638	631	634	640	557	550	553	559	0	0	0	0	0	0	0	0	0	0	0	0	0	0	0	0	0	0	0
407	639	640	614	613	558	559	533	532	0	0	0	0	0	0	0	0	0	0	0	0	0	0	0	0	0	0	0
408	640	634	604	614	559	553	523	533	0	0	0	0	0	0	0	0	0	0	0	0	0	0	0	0	0	0	0
409	641	642	644	643	560	561	563	562	0	0	0	0	0	0	0	0	0	0	0	0	0	0	0	0	0	0	0
410	642	637	639	644	561	556	558	563	0	0	0	0	0	0	0	0	0	0	0	0	0	0	0	0	0	0	0
411	643	644	620	619	562	563	539	538	0	0	0	0	0	0	0	0	0	0	0	0	0	0	0	0	0	0	0
412	644	639	613	620	563	558	532	539	0	0	0	0	0	0	0	0	0	0	0	0	0	0	0	0	0	0	0
413	645	646	648	647	564	565	567	566	0	0	0	0	0	0	0	0	0	0	0	0	0	0	0	0	0	0	0
414	646	641	643	648	565	560	562	567	0	0	0	0	0	0	0	0	0	0	0	0	0	0	0	0	0	0	0
415	647	648	626	625	566	567	545	544	0	0	0	0	0	0	0	0	0	0	0	0	0	0	0	0	0	0	0
416	648	643	619	626	567	562	538	545	0	0	0	0	0	0	0	0	0	0	0	0	0	0	0	0	0	0	0
417	649	650	653	652	568	569	572	571	0	0	0	0	0	0	0	0	0	0	0	0	0	0	0	0	0	0	0
418	650	651	654	653	569	570	573	572	0	0	0	0	0	0	0	0	0	0	0	0	0	0	0	0	0	0	0
419	652	653	632	631	571	572	551	550	0	0	0	0	0	0	0	0	0	0	0	0	0	0	0	0	0	0	0
420	653	654	633	632	572	573	552	551	0	0	0	0	0	0	0	0	0	0	0	0	0	0	0	0	0	0	0
421	655	656	658	657	574	575	577	576	0	0	0	0	0	0	0	0	0	0	0	0	0	0	0	0	0	0	0
422	656	649	652	658	575	568	571	577	0	0	0	0	0	0	0	0	0	0	0	0	0	0	0	0	0	0	0
423	657	658	638	637	576	577	557	556	0	0	0	0	0	0	0	0	0	0	0	0	0	0	0	0	0	0	0
424	658	652	631	638	577	571	550	557	0	0	0	0	0	0	0	0	0	0	0	0	0	0	0	0	0	0	0
425	659	660	662	661	578	579	581	580	0	0	0	0	0	0	0	0	0	0	0	0	0	0	0	0	0	0	0
426	660	655	657	662	579	574	576	581	0	0	0	0	0	0	0	0	0	0	0	0	0	0	0	0	0	0	0
427	661	662	642	641	580	581	561	560	0	0	0	0	0	0	0	0	0	0	0	0	0	0	0	0	0	0	0
428	662	657	637	642	581	576	556	561	0	0	0	0	0	0	0	0	0	0	0	0	0	0	0	0	0	0	0
429	663	664	666	665	582	583	585	584	0	0	0	0	0	0	0	0	0	0	0	0	0	0	0	0	0	0	0
430	664	659	661	666	583	578	580	585	0	0	0	0	0	0	0	0	0	0	0	0	0	0	0	0	0	0	0
431	665	666	646	645	584	585	565	564	0	0	0	0	0	0	0	0	0	0	0	0	0	0	0	0	0	0	0
432	666	661	641	646	585	580	560	565	0	0	0	0	0	0	0	0	0	0	0	0	0	0	0	0	0	0	0
433	667	668	671	670	586	587	590	589	0	0	0	0	0	0	0	0	0	0	0	0	0	0	0	0	0	0	0
434	668	669	672	671	587	588	591	590	0	0	0	0	0	0	0	0	0	0	0	0	0	0	0	0	0	0	0
435	670	671	650	649	589	590	569	568	0	0	0	0	0	0	0	0	0	0	0	0	0	0	0	0	0	0	0
436	671	672	651	650	590	591	570	569	0	0	0	0	0	0	0	0	0	0	0	0	0	0	0	0	0	0	0
437	673	674	676	675	592	593	595	594	0	0	0	0	0	0	0	0	0	0	0	0	0	0	0	0	0	0	0
438	674	667	670	676	593	586	589	595	0	0	0	0	0	0	0	0	0	0	0	0	0	0	0	0	0	0	0
439	675	676	656	655	594	595	575	574	0	0	0	0	0	0	0	0	0	0	0	0	0	0	0	0	0	0	0
440	676	670	649	656	595	589	568	575	0	0	0	0	0	0	0	0	0	0	0	0	0	0	0	0	0	0	0
441	677	678	680	679	596	597	599	598	0	0	0	0	0	0	0	0	0	0	0	0	0	0	0	0	0	0	0
442	678	673	675	680	597	592	594	599	0	0	0	0	0	0	0	0	0	0	0	0	0	0	0	0	0	0	0
443	679	680	660	659	598	599	579	578	0	0	0	0	0	0	0	0	0	0	0	0	0	0	0	0	0	0	0
444	680	675	655	660	599	594	574	579	0	0	0	0	0	0	0	0	0	0	0	0	0	0	0	0	0	0	0
445	681	682	684	683	600	601	603	602	0	0	0	0	0	0	0	0	0	0	0	0	0	0	0	0	0	0	0
446	682	677	679	684	601	596	598	603	0	0	0	0	0	0	0	0	0	0	0	0	0	0	0	0	0	0	0
447	683	684	664	663	602	603	583	582	0	0	0	0	0	0	0	0	0	0	0	0	0	0	0	0	0	0	0
448	684	679	659	664	603	598	578	583	0	0	0	0	0	0	0	0	0	0	0	0	0	0	0	0	0	0	0
449	685	686	689	688	604	605	608	607	0	0	0	0	0	0	0	0	0	0	0	0	0	0	0	0	0	0	0
450	686	687	690	689	605	606	609	608	0	0	0	0	0	0	0	0	0	0	0	0	0	0	0	0	0	0	0
451	688	689	692	691	607	608	611	610	0	0	0	0	0	0	0	0	0	0	0	0	0	0	0	0	0	0	0
452	689	690	693	692	608	609	612	611	0	0	0	0	0	0	0	0	0	0	0	0	0	0	0	0	0	0	0
453	694	695	697	696	613	614	616	615	0	0	0	0	0	0	0	0	0	0	0	0	0	0	0	0	0	0	0
454	695	685	688	697	614	604	607	616	0	0	0	0	0	0	0	0	0	0	0	0	0	0	0	0	0	0	0
455	696	697	699	698	615	616	618	617	0	0	0	0	0	0	0	0	0	0	0	0	0	0	0	0	0	0	0
456	697	688	691	699	616	607	610	618	0	0	0	0	0	0	0	0	0	0	0	0	0	0	0	0	0	0	0
457	700	701	703	702	619	620	622	621	0	0	0	0	0	0	0	0	0	0	0	0	0	0	0	0	0	0	0
458	701	694	696	703	620	613	615	622	0	0	0	0	0	0	0	0	0	0	0	0	0	0	0	0	0	0	0
459	702	703	705	704	621	622	624	623	0	0	0	0	0	0	0	0	0	0	0	0	0	0	0	0	0	0	0
460	703	696	698	705	622	615	617	624	0	0	0	0	0	0	0	0	0	0	0	0	0	0	0	0	0	0	0
461	706	707	709	708	625	626	628	627	0	0	0	0	0	0	0	0	0	0	0	0	0	0	0	0	0	0	0
462	707	700	702	709	626	619	621	628	0	0	0	0	0	0	0	0	0	0	0	0	0	0	0	0	0	0	0
463	708	709	711	710	627	628	630	629	0	0	0	0	0	0	0	0	0	0	0	0	0	0	0	0	0	0	0
464	709	702	704	711	628	621	623	630	0	0	0	0	0	0	0	0	0	0	0	0	0	0	0	0	0	0	0
465	712	713	716	715	631	632	635	634	0	0	0	0	0	0	0	0	0	0	0	0	0	0	0	0	0	0	0
466	713	714	717	716	632	633	636	635	0	0	0	0	0	0	0	0	0	0	0	0	0	0	0	0	0	0	0
467	715	716	686	685	634	635	605	604	0	0	0	0	0	0	0	0	0	0	0	0	0	0	0	0	0	0	0
468	716	717	687	686	635	636	606	605	0	0	0	0	0	0	0	0	0	0	0	0	0	0	0	0	0	0	0
469	718	719	721	720	637	638	640	639	0	0	0	0	0	0	0	0	0	0	0	0	0	0	0	0	0	0	0
470	719	712	715	721	638	631	634	640	0	0	0	0	0	0	0	0	0	0	0	0	0	0	0	0	0	0	0
471	720	721	695	694	639	640	614	613	0	0	0	0	0	0	0	0	0	0	0	0	0	0	0	0	0	0	0
472	721	715	685	695	640	634	604	614	0	0	0	0	0	0	0	0	0	0	0	0	0	0	0	0	0	0	0
473	722	723	725	724	641	642	644	643	0	0	0	0	0	0	0	0	0	0	0	0	0	0	0	0	0	0	0
474	723	718	720	725	642	637	639	644	0	0	0	0	0	0	0	0	0	0	0	0	0	0	0	0	0	0	0
475	724	725	701	700	643	644	620	619	0	0	0	0	0	0	0	0	0	0	0	0	0	0	0	0	0	0	0
476	725	720	694	701	644	639	613	620	0	0	0	0	0	0	0	0	0	0	0	0	0	0	0	0	0	0	0
477	726	727	729	728	645	646	648	647	0	0	0	0	0	0	0	0	0	0	0	0	0	0	0	0	0	0	0
478	727	722	724	729	646	641	643	648	0	0	0	0	0	0	0	0	0	0	0	0	0	0	0	0	0	0	0
479	728	729	707	706	647	648	626	625	0	0	0	0	0	0	0	0	0	0	0	0	0	0	0	0	0	0	0
480	729	724	700	707	648	643	619	626	0	0	0	0	0	0	0	0	0	0	0	0	0	0	0	0	0	0	0
481	730	731	734	733	649	650	653	652	0	0	0	0	0	0	0	0	0	0	0	0	0	0	0	0	0	0	0
482	731	732	735	734	650	651	654	653	0	0	0	0	0	0	0	0	0	0	0	0	0	0	0	0	0	0	0
483	733	734	713	712	652	653	632	631	0	0	0	0	0	0	0	0	0	0	0	0	0	0	0	0	0	0	0
484	734	735	714	713	653	654	633	632	0	0	0	0	0	0	0	0	0	0	0	0	0	0	0	0	0	0	0
485	736	737	739	738	655	656	658	657	0	0	0	0	0	0	0	0	0	0	0	0	0	0	0	0	0	0	0
486	737	730	733	739	656	649	652	658	0	0	0	0	0	0	0	0	0	0	0	0	0	0	0	0	0	0	0
487	738	739	719	718	657	658	638	637	0	0	0	0	0	0	0	0	0	0	0	0	0	0	0	0	0	0	0
488	739	733	712	719	658	652	631	638	0	0	0	0	0	0	0	0	0	0	0	0	0	0	0	0	0	0	0
489	740	741	743	742	659	660	662	661	0	0	0	0	0	0	0	0	0	0	0	0	0	0	0	0	0	0	0
490	741	736	738	743	660	655	657	662	0	0	0	0	0	0	0	0	0	0	0	0	0	0	0	0	0	0	0
491	742	743	723	722	661	662	642	641	0	0	0	0	0	0	0	0	0	0	0	0	0	0	0	0	0	0	0
492	743	738	718	723	662	657	637	642	0	0	0	0	0	0	0	0	0	0	0	0	0	0	0	0	0	0	0
493	744	745	747	746	663	664	666	665	0	0	0	0	0	0	0	0	0	0	0	0	0	0	0	0	0	0	0
494	745	740	742	747	664	659	661	666	0	0	0	0	0	0	0	0	0	0	0	0	0	0	0	0	0	0	0
495	746	747	727	726	665	666	646	645	0	0	0	0	0	0	0	0	0	0	0	0	0	0	0	0	0	0	0
496	747	742	722	727	666	661	641	646	0	0	0	0	0	0	0	0	0	0	0	0	0	0	0	0	0	0	0
497	748	749	752	751	667	668	671	670	0	0	0	0	0	0	0	0	0	0	0	0	0	0	0	0	0	0	0
498	749	750	753	752	668	669	672	671	0	0	0	0	0	0	0	0	0	0	0	0	0	0	0	0	0	0	0
499	751	752	731	730	670	671	650	649	0	0	0	0	0	0	0	0	0	0	0	0	0	0	0	0	0	0	0
500	752	753	732	731	671	672	651	650	0	0	0	0	0	0	0	0	0	0	0	0	0	0	0	0	0	0	0
501	754	755	757	756	673	674	676	675	0	0	0	0	0	0	0	0	0	0	0	0	0	0	0	0	0	0	0
502	755	748	751	757	674	667	670	676	0	0	0	0	0	0	0	0	0	0	0	0	0	0	0	0	0	0	0
503	756	757	737	736	675	676	656	655	0	0	0	0	0	0	0	0	0	0	0	0	0	0	0	0	0	0	0
504	757	751	730	737	676	670	649	656	0	0	0	0	0	0	0	0	0	0	0	0	0	0	0	0	0	0	0
505	758	759	761	760	677	678	680	679	0	0	0	0	0	0	0	0	0	0	0	0	0	0	0	0	0	0	0
506	759	754	756	761	678	673	675	680	0	0	0	0	0	0	0	0	0	0	0	0	0	0	0	0	0	0	0
507	760	761	741	740	679	680	660	659	0	0	0	0	0	0	0	0	0	0	0	0	0	0	0	0	0	0	0
508	761	756	736	741	680	675	655	660	0	0	0	0	0	0	0	0	0	0	0	0	0	0	0	0	0	0	0
509	762	763	765	764	681	682	684	683	0	0	0	0	0	0	0	0	0	0	0	0	0	0	0	0	0	0	0
510	763	758	760	765	682	677	679	684	0	0	0	0	0	0	0	0	0	0	0	0	0	0	0	0	0	0	0
511	764	765	745	744	683	684	664	663	0	0	0	0	0	0	0	0	0	0	0	0	0	0	0	0	0	0	0
512	765	760	740	745	684	679	659	664	0	0	0	0	0	0	0	0	0	0	0	0	0	0	0	0	0	0	0
513	766	767	770	769	685	686	689	688	0	0	0	0	0	0	0	0	0	0	0	0	0	0	0	0	0	0	0
514	767	768	771	770	686	687	690	689	0	0	0	0	0	0	0	0	0	0	0	0	0	0	0	0	0	0	0
515	769	770	773	772	688	689	692	691	0	0	0	0	0	0	0	0	0	0	0	0	0	0	0	0	0	0	0
516	770	771	774	773	689	690	693	692	0	0	0	0	0	0	0	0	0	0	0	0	0	0	0	0	0	0	0
517	775	776	778	777	694	695	697	696	0	0	0	0	0	0	0	0	0	0	0	0	0	0	0	0	0	0	0
518	776	766	769	778	695	685	688	697	0	0	0	0	0	0	0	0	0	0	0	0	0	0	0	0	0	0	0
519	777	778	780	779	696	697	699	698	0	0	0	0	0	0	0	0	0	0	0	0	0	0	0	0	0	0	0
520	778	769	772	780	697	688	691	699	0	0	0	0	0	0	0	0	0	0	0	0	0	0	0	0	0	0	0
521	781	782	784	783	700	701	703	702	0	0	0	0	0	0	0	0	0	0	0	0	0	0	0	0	0	0	0
522	782	775	777	784	701	694	696	703	0	0	0	0	0	0	0	0	0	0	0	0	0	0	0	0	0	0	0
523	783	784	786	785	702	703	705	704	0	0	0	0	0	0	0	0	0	0	0	0	0	0	0	0	0	0	0
524	784	777	779	786	703	696	698	705	0	0	0	0	0	0	0	0	0	0	0	0	0	0	0	0	0	0	0
525	787	788	790	789	706	707	709	708	0	0	0	0	0	0	0	0	0	0	0	0	0	0	0	0	0	0	0
526	788	781	783	790	707	700	702	709	0	0	0	0	0	0	0	0	0	0	0	0	0	0	0	0	0	0	0
527	789	790	792	791	708	709	711	710	0	0	0	0	0	0	0	0	0	0	0	0	0	0	0	0	0	0	0
528	790	783	785	792	709	702	704	711	0	0	0	0	0	0	0	0	0	0	0	0	0	0	0	0	0	0	0
529	793	794	797	796	712	713	716	715	0	0	0	0	0	0	0	0	0	0	0	0	0	0	0	0	0	0	0
530	794	795	798	797	713	714	717	716	0	0	0	0	0	0	0	0	0	0	0	0	0	0	0	0	0	0	0
531	796	797	767	766	715	716	686	685	0	0	0	0	0	0	0	0	0	0	0	0	0	0	0	0	0	0	0
532	797	798	768	767	716	717	687	686	0	0	0	0	0	0	0	0	0	0	0	0	0	0	0	0	0	0	0
533	799	800	802	801	718	719	721	720	0	0	0	0	0	0	0	0	0	0	0	0	0	0	0	0	0	0	0
534	800	793	796	802	719	712	715	721	0	0	0	0	0	0	0	0	0	0	0	0	0	0	0	0	0	0	0
535	801	802	776	775	720	721	695	694	0	0	0	0	0	0	0	0	0	0	0	0	0	0	0	0	0	0	0
536	802	796	766	776	721	715	685	695	0	0	0	0	0	0	0	0	0	0	0	0	0	0	0	0	0	0	0
537	803	804	806	805	722	723	725	724	0	0	0	0	0	0	0	0	0	0	0	0	0	0	0	0	0	0	0
538	804	799	801	806	723	718	720	725	0	0	0	0	0	0	0	0	0	0	0	0	0	0	0	0	0	0	0
539	805	806	782	781	724	725	701	700	0	0	0	0	0	0	0	0	0	0	0	0	0	0	0	0	0	0	0
540	806	801	775	782	725	720	694	701	0	0	0	0	0	0	0	0	0	0	0	0	0	0	0	0	0	0	0
541	807	808	810	809	726	727	729	728	0	0	0	0	0	0	0	0	0	0	0	0	0	0	0	0	0	0	0
542	808	803	805	810	727	722	724	729	0	0	0	0	0	0	0	0	0	0	0	0	0	0	0	0	0	0	0
543	809	810	788	787	728	729	707	706	0	0	0	0	0	0	0	0	0	0	0	0	0	0	0	0	0	0	0
544	810	805	781	788	729	724	700	707	0	0	0	0	0	0	0	0	0	0	0	0	0	0	0	0	0	0	0
545	811	812	815	814	730	731	734	733	0	0	0	0	0	0	0	0	0	0	0	0	0	0	0	0	0	0	0
546	812	813	816	815	731	732	735	734	0	0	0	0	0	0	0	0	0	0	0	0	0	0	0	0	0	0	0
547	814	815	794	793	733	734	713	712	0	0	0	0	0	0	0	0	0	0	0	0	0	0	0	0	0	0	0
548	815	816	795	794	734	735	714	713	0	0	0	0	0	0	0	0	0	0	0	0	0	0	0	0	0	0	0
549	817	818	820	819	736	737	739	738	0	0	0	0	0	0	0	0	0	0	0	0	0	0	0	0	0	0	0
550	818	811	814	820	737	730	733	739	0	0	0	0	0	0	0	0	0	0	0	0	0	0	0	0	0	0	0
551	819	820	800	799	738	739	719	718	0	0	0	0	0	0	0	0	0	0	0	0	0	0	0	0	0	0	0
552	820	814	793	800	739	733	712	719	0	0	0	0	0	0	0	0	0	0	0	0	0	0	0	0	0	0	0
553	821	822	824	823	740	741	743	742	0	0	0	0	0	0	0	0	0	0	0	0	0	0	0	0	0	0	0
554	822	817	819	824	741	736	738	743	0	0	0	0	0	0	0	0	0	0	0	0	0	0	0	0	0	0	0
555	823	824	804	803	742	743	723	722	0	0	0	0	0	0	0	0	0	0	0	0	0	0	0	0	0	0	0
556	824	819	799	804	743	738	718	723	0	0	0	0	0	0	0	0	0	0	0	0	0	0	0	0	0	0	0
557	825	826	828	827	744	745	747	746	0	0	0	0	0	0	0	0	0	0	0	0	0	0	0	0	0	0	0
558	826	821	823	828	745	740	742	747	0	0	0	0	0	0	0	0	0	0	0	0	0	0	0	0	0	0	0
559	827	828	808	807	746	747	727	726	0	0	0	0	0	0	0	0	0	0	0	0	0	0	0	0	0	0	0
560	828	823	803	808	747	742	722	727	0	0	0	0	0	0	0	0	0	0	0	0	0	0	0	0	0	0	0
561	829	830	833	832	748	749	752	751	0	0	0	0	0	0	0	0	0	0	0	0	0	0	0	0	0	0	0
562	830	831	834	833	749	750	753	752	0	0	0	0	0	0	0	0	0	0	0	0	0	0	0	0	0	0	0
563	832	833	812	811	751	752	731	730	0	0	0	0	0	0	0	0	0	0	0	0	0	0	0	0	0	0	0
564	833	834	813	812	752	753	732	731	0	0	0	0	0	0	0	0	0	0	0	0	0	0	0	0	0	0	0
565	835	836	838	837	754	755	757	756	0	0	0	0	0	0	0	0	0	0	0	0	0	0	0	0	0	0	0
566	836	829	832	838	755	748	751	757	0	0	0	0	0	0	0	0	0	0	0	0	0	0	0	0	0	0	0
567	837	838	818	817	756	757	737	736	0	0	0	0	0	0	0	0	0	0	0	0	0	0	0	0	0	0	0
568	838	832	811	818	757	751	730	737	0	0	0	0	0	0	0	0	0	0	0	0	0	0	0	0	0	0	0
569	839	840	842	841	758	759	761	760	0	0	0	0	0	0	0	0	0	0	0	0	0	0	0	0	0	0	0
570	840	835	837	842	759	754	756	761	0	0	0	0	0	0	0	0	0	0	0	0	0	0	0	0	0	0	0
571	841	842	822	821	760	761	741	740	0	0	0	0	0	0	0	0	0	0	0	0	0	0	0	0	0	0	0
572	842	837	817	822	761	756	736	741	0	0	0	0	0	0	0	0	0	0	0	0	0	0	0	0	0	0	0
573	843	844	846	845	762	763	765	764	0	0	0	0	0	0	0	0	0	0	0	0	0	0	0	0	0	0	0
574	844	839	841	846	763	758	760	765	0	0	0	0	0	0	0	0	0	0	0	0	0	0	0	0	0	0	0
575	845	846	826	825	764	765	745	744	0	0	0	0	0	0	0	0	0	0	0	0	0	0	0	0	0	0	0
576	846	841	821	826	765	760	740	745	0	0	0	0	0	0	0	0	0	0	0	0	0	0	0	0	0	0	0
577	847	848	851	850	766	767	770	769	0	0	0	0	0	0	0	0	0	0	0	0	0	0	0	0	0	0	0
578	848	849	852	851	767	768	771	770	0	0	0	0	0	0	0	0	0	0	0	0	0	0	0	0	0	0	0
579	850	851	854	853	769	770	773	772	0	0	0	0	0	0	0	0	0	0	0	0	0	0	0	0	0	0	0
580	851	852	855	854	770	771	774	773	0	0	0	0	0	0	0	0	0	0	0	0	0	0	0	0	0	0	0
581	856	857	859	858	775	776	778	777	0	0	0	0	0	0	0	0	0	0	0	0	0	0	0	0	0	0	0
582	857	847	850	859	776	766	769	778	0	0	0	0	0	0	0	0	0	0	0	0	0	0	0	0	0	0	0
583	858	859	861	860	777	778	780	779	0	0	0	0	0	0	0	0	0	0	0	0	0	0	0	0	0	0	0
584	859	850	853	861	778	769	772	780	0	0	0	0	0	0	0	0	0	0	0	0	0	0	0	0	0	0	0
585	862	863	865	864	781	782	784	783	0	0	0	0	0	0	0	0	0	0	0	0	0	0	0	0	0	0	0
586	863	856	858	865	782	775	777	784	0	0	0	0	0	0	0	0	0	0	0	0	0	0	0	0	0	0	0
587	864	865	867	866	783	784	786	785	0	0	0	0	0	0	0	0	0	0	0	0	0	0	0	0	0	0	0
588	865	858	860	867	784	777	779	786	0	0	0	0	0	0	0	0	0	0	0	0	0	0	0	0	0	0	0
589	868	869	871	870	787	788	790	789	0	0	0	0	0	0	0	0	0	0	0	0	0	0	0	0	0	0	0
590	869	862	864	871	788	781	783	790	0	0	0	0	0	0	0	0	0	0	0	0	0	0	0	0	0	0	0
591	870	871	873	872	789	790	792	791	0	0	0	0	0	0	0	0	0	0	0	0	0	0	0	0	0	0	0
592	871	864	866	873	790	783	785	792	0	0	0	0	0	0	0	0	0	0	0	0	0	0	0	0	0	0	0
593	874	875	878	877	793	794	797	796	0	0	0	0	0	0	0	0	0	0	0	0	0	0	0	0	0	0	0
594	875	876	879	878	794	795	798	797	0	0	0	0	0	0	0	0	0	0	0	0	0	0	0	0	0	0	0
595	877	878	848	847	796	797	767	766	0	0	0	0	0	0	0	0	0	0	0	0	0	0	0	0	0	0	0
596	878	879	849	848	797	798	768	767	0	0	0	0	0	0	0	0	0	0	0	0	0	0	0	0	0	0	0
597	880	881	883	882	799	800	802	801	0	0	0	0	0	0	0	0	0	0	0	0	0	0	0	0	0	0	0
598	881	874	877	883	800	793	796	802	0	0	0	0	0	0	0	0	0	0	0	0	0	0	0	0	0	0	0
599	882	883	857	856	801	802	776	775	0	0	0	0	0	0	0	0	0	0	0	0	0	0	0	0	0	0	0
600	883	877	847	857	802	796	766	776	0	0	0	0	0	0	0	0	0	0	0	0	0	0	0	0	0	0	0
601	884	885	887	886	803	804	806	805	0	0	0	0	0	0	0	0	0	0	0	0	0	0	0	0	0	0	0
602	885	880	882	887	804	799	801	806	0	0	0	0	0	0	0	0	0	0	0	0	0	0	0	0	0	0	0
603	886	887	863	862	805	806	782	781	0	0	0	0	0	0	0	0	0	0	0	0	0	0	0	0	0	0	0
604	887	882	856	863	806	801	775	782	0	0	0	0	0	0	0	0	0	0	0	0	0	0	0	0	0	0	0
605	888	889	891	890	807	808	810	809	0	0	0	0	0	0	0	0	0	0	0	0	0	0	0	0	0	0	0
606	889	884	886	891	808	803	805	810	0	0	0	0	0	0	0	0	0	0	0	0	0	0	0	0	0	0	0
607	890	891	869	868	809	810	788	787	0	0	0	0	0	0	0	0	0	0	0	0	0	0	0	0	0	0	0
608	891	886	862	869	810	805	781	788	0	0	0	0	0	0	0	0	0	0	0	0	0	0	0	0	0	0	0
609	892	893	896	895	811	812	815	814	0	0	0	0	0	0	0	0	0	0	0	0	0	0	0	0	0	0	0
610	893	894	897	896	812	813	816	815	0	0	0	0	0	0	0	0	0	0	0	0	0	0	0	0	0	0	0
611	895	896	875	874	814	815	794	793	0	0	0	0	0	0	0	0	0	0	0	0	0	0	0	0	0	0	0
612	896	897	876	875	815	816	795	794	0	0	0	0	0	0	0	0	0	0	0	0	0	0	0	0	0	0	0
613	898	899	901	900	817	818	820	819	0	0	0	0	0	0	0	0	0	0	0	0	0	0	0	0	0	0	0
614	899	892	895	901	818	811	814	820	0	0	0	0	0	0	0	0	0	0	0	0	0	0	0	0	0	0	0
615	900	901	881	880	819	820	800	799	0	0	0	0	0	0	0	0	0	0	0	0	0	0	0	0	0	0	0
616	901	895	874	881	820	814	793	800	0	0	0	0	0	0	0	0	0	0	0	0	0	0	0	0	0	0	0
617	902	903	905	904	821	822	824	823	0	0	0	0	0	0	0	0	0	0	0	0	0	0	0	0	0	0	0
618	903	898	900	905	822	817	819	824	0	0	0	0	0	0	0	0	0	0	0	0	0	0	0	0	0	0	0
619	904	905	885	884	823	824	804	803	0	0	0	0	0	0	0	0	0	0	0	0	0	0	0	0	0	0	0
620	905	900	880	885	824	819	799	804	0	0	0	0	0	0	0	0	0	0	0	0	0	0	0	0	0	0	0
621	906	907	909	908	825	826	828	827	0	0	0	0	0	0	0	0	0	0	0	0	0	0	0	0	0	0	0
622	907	902	904	909	826	821	823	828	0	0	0	0	0	0	0	0	0	0	0	0	0	0	0	0	0	0	0
623	908	909	889	888	827	828	808	807	0	0	0	0	0	0	0	0	0	0	0	0	0	0	0	0	0	0	0
624	909	904	884	889	828	823	803	808	0	0	0	0	0	0	0	0	0	0	0	0	0	0	0	0	0	0	0
625	910	911	914	913	829	830	833	832	0	0	0	0	0	0	0	0	0	0	0	0	0	0	0	0	0	0	0
626	911	912	915	914	830	831	834	833	0	0	0	0	0	0	0	0	0	0	0	0	0	0	0	0	0	0	0
627	913	914	893	892	832	833	812	811	0	0	0	0	0	0	0	0	0	0	0	0	0	0	0	0	0	0	0
628	914	915	894	893	833	834	813	812	0	0	0	0	0	0	0	0	0	0	0	0	0	0	0	0	0	0	0
629	916	917	919	918	835	836	838	837	0	0	0	0	0	0	0	0	0	0	0	0	0	0	0	0	0	0	0
630	917	910	913	919	836	829	832	838	0	0	0	0	0	0	0	0	0	0	0	0	0	0	0	0	0	0	0
631	918	919	899	898	837	838	818	817	0	0	0	0	0	0	0	0	0	0	0	0	0	0	0	0	0	0	0
632	919	913	892	899	838	832	811	818	0	0	0	0	0	0	0	0	0	0	0	0	0	0	0	0	0	0	0
633	920	921	923	922	839	840	842	841	0	0	0	0	0	0	0	0	0	0	0	0	0	0	0	0	0	0	0
634	921	916	918	923	840	835	837	842	0	0	0	0	0	0	0	0	0	0	0	0	0	0	0	0	0	0	0
635	922	923	903	902	841	842	822	821	0	0	0	0	0	0	0	0	0	0	0	0	0	0	0	0	0	0	0
636	923	918	898	903	842	837	817	822	0	0	0	0	0	0	0	0	0	0	0	0	0	0	0	0	0	0	0
637	924	925	927	926	843	844	846	845	0	0	0	0	0	0	0	0	0	0	0	0	0	0	0	0	0	0	0
638	925	920	922	927	844	839	841	846	0	0	0	0	0	0	0	0	0	0	0	0	0	0	0	0	0	0	0
639	926	927	907	906	845	846	826	825	0	0	0	0	0	0	0	0	0	0	0	0	0	0	0	0	0	0	0
640	927	922	902	907	846	841	821	826	0	0	0	0	0	0	0	0	0	0	0	0	0	0	0	0	0	0	0
