1	100	100	15	0
2	75	100	15	0
3	50	100	15	0
4	25	100	15	0
5	0	100	15	0
6	100	75	15	0
7	75	75	15	0
8	50	75	15	0
9	25	75	15	0
10	0	75	15	0
11	100	50	15	0
12	75	50	15	0
13	50	50	15	0
14	25	50	15	0
15	0	50	15	0
16	100	25	15	0
17	75	25	15	0
18	50	25	15	0
19	25	25	15	0
20	0	25	15	0
21	100	0	15	0
22	75	0	15	0
23	50	0	15	0
24	25	0	15	0
25	0	0	15	0
26	100	100	7.5	0
27	75	100	7.5	0
28	50	100	7.5	0
29	25	100	7.5	0
30	0	100	7.5	0
31	100	75	7.5	0
32	75	75	7.5	0
33	50	75	7.5	0
34	25	75	7.5	0
35	0	75	7.5	0
36	100	50	7.5	0
37	75	50	7.5	0
38	50	50	7.5	0
39	25	50	7.5	0
40	0	50	7.5	0
41	100	25	7.5	0
42	75	25	7.5	0
43	50	25	7.5	0
44	25	25	7.5	0
45	0	25	7.5	0
46	100	0	7.5	0
47	75	0	7.5	0
48	50	0	7.5	0
49	25	0	7.5	0
50	0	0	7.5	0
51	100	100	0	0
52	75	100	0	0
53	50	100	0	0
54	25	100	0	0
55	0	100	0	0
56	100	75	0	0
57	75	75	0	0
58	50	75	0	0
59	25	75	0	0
60	0	75	0	0
61	100	50	0	0
62	75	50	0	0
63	50	50	0	0
64	25	50	0	0
65	0	50	0	0
66	100	25	0	0
67	75	25	0	0
68	50	25	0	0
69	25	25	0	0
70	0	25	0	0
71	100	0	0	0
72	75	0	0	0
73	50	0	0	0
74	25	0	0	0
75	0	0	0	0
76	200	100	15	0
77	200	100	0	0
78	175	100	0	0
79	150	100	0	0
80	125	100	0	0
81	125	100	15	0
82	150	100	15	0
83	175	100	15	0
84	125	100	7.5	0
85	137.5	100	7.5	0
86	200	0	15	0
87	200	0	0	0
88	175	0	0	0
89	150	0	0	0
90	125	0	0	0
91	125	0	15	0
92	150	0	15	0
93	175	0	15	0
94	125	0	7.5	0
95	137.5	0	7.5	0
96	200	75	15	0
97	200	75	0	0
98	175	75	0	0
99	150	75	0	0
100	125	75	0	0
101	125	75	15	0
102	150	75	15	0
103	175	75	15	0
104	125	75	7.5	0
105	137.5	75	7.5	0
106	200	50	15	0
107	200	50	0	0
108	175	50	0	0
109	150	50	0	0
110	125	50	0	0
111	125	50	15	0
112	150	50	15	0
113	175	50	15	0
114	125	50	7.5	0
115	137.5	50	7.5	0
116	200	25	15	0
117	200	25	0	0
118	175	25	0	0
119	150	25	0	0
120	125	25	0	0
121	125	25	15	0
122	150	25	15	0
123	175	25	15	0
124	125	25	7.5	0
125	137.5	25	7.5	0
126	300	100	15	0
127	275	100	15	0
128	250	100	15	0
129	225	100	15	0
130	300	75	15	0
131	275	75	15	0
132	250	75	15	0
133	225	75	15	0
134	300	50	15	0
135	275	50	15	0
136	250	50	15	0
137	225	50	15	0
138	300	25	15	0
139	275	25	15	0
140	250	25	15	0
141	225	25	15	0
142	300	0	15	0
143	275	0	15	0
144	250	0	15	0
145	225	0	15	0
146	300	100	0	0
147	275	100	0	0
148	250	100	0	0
149	225	100	0	0
150	300	75	0	0
151	275	75	0	0
152	250	75	0	0
153	225	75	0	0
154	300	50	0	0
155	275	50	0	0
156	250	50	0	0
157	225	50	0	0
158	300	25	0	0
159	275	25	0	0
160	250	25	0	0
161	225	25	0	0
162	300	0	0	0
163	275	0	0	0
164	250	0	0	0
165	225	0	0	0
166	400	100	15	0
167	375	100	15	0
168	350	100	15	0
169	325	100	15	0
170	400	75	15	0
171	375	75	15	0
172	350	75	15	0
173	325	75	15	0
174	400	50	15	0
175	375	50	15	0
176	350	50	15	0
177	325	50	15	0
178	400	25	15	0
179	375	25	15	0
180	350	25	15	0
181	325	25	15	0
182	400	0	15	0
183	375	0	15	0
184	350	0	15	0
185	325	0	15	0
186	400	100	0	0
187	375	100	0	0
188	350	100	0	0
189	325	100	0	0
190	400	75	0	0
191	375	75	0	0
192	350	75	0	0
193	325	75	0	0
194	400	50	0	0
195	375	50	0	0
196	350	50	0	0
197	325	50	0	0
198	400	25	0	0
199	375	25	0	0
200	350	25	0	0
201	325	25	0	0
202	400	0	0	0
203	375	0	0	0
204	350	0	0	0
205	325	0	0	0
206	100	200	15	0
207	100	175	15	0
208	100	150	15	0
209	100	125	15	0
210	100	125	0	0
211	100	150	0	0
212	100	175	0	0
213	100	200	0	0
214	100	125	7.5	0
215	100	137.5	7.5	0
216	0	200	15	0
217	0	175	15	0
218	0	150	15	0
219	0	125	15	0
220	0	125	0	0
221	0	150	0	0
222	0	175	0	0
223	0	200	0	0
224	0	125	7.5	0
225	0	137.5	7.5	0
226	75	200	15	0
227	75	175	15	0
228	75	150	15	0
229	75	125	15	0
230	75	125	0	0
231	75	150	0	0
232	75	175	0	0
233	75	200	0	0
234	75	125	7.5	0
235	75	137.5	7.5	0
236	50	200	15	0
237	50	175	15	0
238	50	150	15	0
239	50	125	15	0
240	50	125	0	0
241	50	150	0	0
242	50	175	0	0
243	50	200	0	0
244	50	125	7.5	0
245	50	137.5	7.5	0
246	25	200	15	0
247	25	175	15	0
248	25	150	15	0
249	25	125	15	0
250	25	125	0	0
251	25	150	0	0
252	25	175	0	0
253	25	200	0	0
254	25	125	7.5	0
255	25	137.5	7.5	0
256	300	200	15	0
257	275	200	15	0
258	250	200	15	0
259	225	200	15	0
260	200	200	15	0
261	300	175	15	0
262	275	175	15	0
263	250	175	15	0
264	225	175	15	0
265	200	175	15	0
266	300	150	15	0
267	275	150	15	0
268	250	150	15	0
269	225	150	15	0
270	200	150	15	0
271	300	125	15	0
272	275	125	15	0
273	250	125	15	0
274	225	125	15	0
275	200	125	15	0
276	300	200	0	0
277	275	200	0	0
278	250	200	0	0
279	225	200	0	0
280	200	200	0	0
281	300	175	0	0
282	275	175	0	0
283	250	175	0	0
284	225	175	0	0
285	200	175	0	0
286	300	150	0	0
287	275	150	0	0
288	250	150	0	0
289	225	150	0	0
290	200	150	0	0
291	300	125	0	0
292	275	125	0	0
293	250	125	0	0
294	225	125	0	0
295	200	125	0	0
296	400	200	15	0
297	375	200	15	0
298	350	200	15	0
299	325	200	15	0
300	400	175	15	0
301	375	175	15	0
302	350	175	15	0
303	325	175	15	0
304	400	150	15	0
305	375	150	15	0
306	350	150	15	0
307	325	150	15	0
308	400	125	15	0
309	375	125	15	0
310	350	125	15	0
311	325	125	15	0
312	400	200	0	0
313	375	200	0	0
314	350	200	0	0
315	325	200	0	0
316	400	175	0	0
317	375	175	0	0
318	350	175	0	0
319	325	175	0	0
320	400	150	0	0
321	375	150	0	0
322	350	150	0	0
323	325	150	0	0
324	400	125	0	0
325	375	125	0	0
326	350	125	0	0
327	325	125	0	0
328	100	300	15	0
329	75	300	15	0
330	50	300	15	0
331	25	300	15	0
332	0	300	15	0
333	100	275	15	0
334	75	275	15	0
335	50	275	15	0
336	25	275	15	0
337	0	275	15	0
338	100	250	15	0
339	75	250	15	0
340	50	250	15	0
341	25	250	15	0
342	0	250	15	0
343	100	225	15	0
344	75	225	15	0
345	50	225	15	0
346	25	225	15	0
347	0	225	15	0
348	100	300	0	0
349	75	300	0	0
350	50	300	0	0
351	25	300	0	0
352	0	300	0	0
353	100	275	0	0
354	75	275	0	0
355	50	275	0	0
356	25	275	0	0
357	0	275	0	0
358	100	250	0	0
359	75	250	0	0
360	50	250	0	0
361	25	250	0	0
362	0	250	0	0
363	100	225	0	0
364	75	225	0	0
365	50	225	0	0
366	25	225	0	0
367	0	225	0	0
368	200	300	15	0
369	175	300	15	0
370	150	300	15	0
371	125	300	15	0
372	200	275	15	0
373	175	275	15	0
374	150	275	15	0
375	125	275	15	0
376	200	250	15	0
377	175	250	15	0
378	150	250	15	0
379	125	250	15	0
380	200	225	15	0
381	175	225	15	0
382	150	225	15	0
383	125	225	15	0
384	175	200	15	0
385	150	200	15	0
386	125	200	15	0
387	200	300	0	0
388	175	300	0	0
389	150	300	0	0
390	125	300	0	0
391	200	275	0	0
392	175	275	0	0
393	150	275	0	0
394	125	275	0	0
395	200	250	0	0
396	175	250	0	0
397	150	250	0	0
398	125	250	0	0
399	200	225	0	0
400	175	225	0	0
401	150	225	0	0
402	125	225	0	0
403	175	200	0	0
404	150	200	0	0
405	125	200	0	0
406	300	300	15	0
407	275	300	15	0
408	250	300	15	0
409	225	300	15	0
410	300	275	15	0
411	275	275	15	0
412	250	275	15	0
413	225	275	15	0
414	300	250	15	0
415	275	250	15	0
416	250	250	15	0
417	225	250	15	0
418	300	225	15	0
419	275	225	15	0
420	250	225	15	0
421	225	225	15	0
422	300	300	0	0
423	275	300	0	0
424	250	300	0	0
425	225	300	0	0
426	300	275	0	0
427	275	275	0	0
428	250	275	0	0
429	225	275	0	0
430	300	250	0	0
431	275	250	0	0
432	250	250	0	0
433	225	250	0	0
434	300	225	0	0
435	275	225	0	0
436	250	225	0	0
437	225	225	0	0
438	400	300	15	0
439	375	300	15	0
440	350	300	15	0
441	325	300	15	0
442	400	275	15	0
443	375	275	15	0
444	350	275	15	0
445	325	275	15	0
446	400	250	15	0
447	375	250	15	0
448	350	250	15	0
449	325	250	15	0
450	400	225	15	0
451	375	225	15	0
452	350	225	15	0
453	325	225	15	0
454	400	300	0	0
455	375	300	0	0
456	350	300	0	0
457	325	300	0	0
458	400	275	0	0
459	375	275	0	0
460	350	275	0	0
461	325	275	0	0
462	400	250	0	0
463	375	250	0	0
464	350	250	0	0
465	325	250	0	0
466	400	225	0	0
467	375	225	0	0
468	350	225	0	0
469	325	225	0	0
470	100	400	15	0
471	75	400	15	0
472	50	400	15	0
473	25	400	15	0
474	0	400	15	0
475	100	375	15	0
476	75	375	15	0
477	50	375	15	0
478	25	375	15	0
479	0	375	15	0
480	100	350	15	0
481	75	350	15	0
482	50	350	15	0
483	25	350	15	0
484	0	350	15	0
485	100	325	15	0
486	75	325	15	0
487	50	325	15	0
488	25	325	15	0
489	0	325	15	0
490	100	400	0	0
491	75	400	0	0
492	50	400	0	0
493	25	400	0	0
494	0	400	0	0
495	100	375	0	0
496	75	375	0	0
497	50	375	0	0
498	25	375	0	0
499	0	375	0	0
500	100	350	0	0
501	75	350	0	0
502	50	350	0	0
503	25	350	0	0
504	0	350	0	0
505	100	325	0	0
506	75	325	0	0
507	50	325	0	0
508	25	325	0	0
509	0	325	0	0
510	200	400	15	0
511	175	400	15	0
512	150	400	15	0
513	125	400	15	0
514	200	375	15	0
515	175	375	15	0
516	150	375	15	0
517	125	375	15	0
518	200	350	15	0
519	175	350	15	0
520	150	350	15	0
521	125	350	15	0
522	200	325	15	0
523	175	325	15	0
524	150	325	15	0
525	125	325	15	0
526	200	400	0	0
527	175	400	0	0
528	150	400	0	0
529	125	400	0	0
530	200	375	0	0
531	175	375	0	0
532	150	375	0	0
533	125	375	0	0
534	200	350	0	0
535	175	350	0	0
536	150	350	0	0
537	125	350	0	0
538	200	325	0	0
539	175	325	0	0
540	150	325	0	0
541	125	325	0	0
542	300	400	15	0
543	275	400	15	0
544	250	400	15	0
545	225	400	15	0
546	300	375	15	0
547	275	375	15	0
548	250	375	15	0
549	225	375	15	0
550	300	350	15	0
551	275	350	15	0
552	250	350	15	0
553	225	350	15	0
554	300	325	15	0
555	275	325	15	0
556	250	325	15	0
557	225	325	15	0
558	300	400	0	0
559	275	400	0	0
560	250	400	0	0
561	225	400	0	0
562	300	375	0	0
563	275	375	0	0
564	250	375	0	0
565	225	375	0	0
566	300	350	0	0
567	275	350	0	0
568	250	350	0	0
569	225	350	0	0
570	300	325	0	0
571	275	325	0	0
572	250	325	0	0
573	225	325	0	0
574	400	400	15	0
575	375	400	15	0
576	350	400	15	0
577	325	400	15	0
578	400	375	15	0
579	375	375	15	0
580	350	375	15	0
581	325	375	15	0
582	400	350	15	0
583	375	350	15	0
584	350	350	15	0
585	325	350	15	0
586	400	325	15	0
587	375	325	15	0
588	350	325	15	0
589	325	325	15	0
590	400	400	0	0
591	375	400	0	0
592	350	400	0	0
593	325	400	0	0
594	400	375	0	0
595	375	375	0	0
596	350	375	0	0
597	325	375	0	0
598	400	350	0	0
599	375	350	0	0
600	350	350	0	0
601	325	350	0	0
602	400	325	0	0
603	375	325	0	0
604	350	325	0	0
605	325	325	0	0
606	100	100	24.98	0
607	75	100	24.98	0
608	50	100	24.98	0
609	25	100	24.98	0
610	0	100	24.98	0
611	100	75	24.98	0
612	75	75	24.98	0
613	50	75	24.98	0
614	25	75	24.98	0
615	0	75	24.98	0
616	100	50	24.98	0
617	75	50	24.98	0
618	50	50	24.98	0
619	25	50	24.98	0
620	0	50	24.98	0
621	100	25	24.98	0
622	75	25	24.98	0
623	50	25	24.98	0
624	25	25	24.98	0
625	0	25	24.98	0
626	100	0	24.98	0
627	75	0	24.98	0
628	50	0	24.98	0
629	25	0	24.98	0
630	0	0	24.98	0
631	200	99.975	24.98	0
632	175	99.98125	24.98	0
633	150	99.9875	24.98	0
634	125	99.99375	24.98	0
635	200	74.98125	24.98	0
636	175	74.9859375	24.98	0
637	150	74.990625	24.98	0
638	125	74.9953125	24.98	0
639	200	49.9875	24.98	0
640	175	49.990625	24.98	0
641	150	49.99375	24.98	0
642	125	49.996875	24.98	0
643	200	24.99375	24.98	0
644	175	24.9953125	24.98	0
645	150	24.996875	24.98	0
646	125	24.9984375	24.98	0
647	200	0	24.98	0
648	175	0	24.98	0
649	150	0	24.98	0
650	125	0	24.98	0
651	300	100	24.98	0
652	275	99.99375	24.98	0
653	250	99.9875	24.98	0
654	225	99.98125	24.98	0
655	300	75	24.98	0
656	275	74.9953125	24.98	0
657	250	74.990625	24.98	0
658	225	74.9859375	24.98	0
659	300	50	24.98	0
660	275	49.996875	24.98	0
661	250	49.99375	24.98	0
662	225	49.990625	24.98	0
663	300	25	24.98	0
664	275	24.9984375	24.98	0
665	250	24.996875	24.98	0
666	225	24.9953125	24.98	0
667	300	0	24.98	0
668	275	0	24.98	0
669	250	0	24.98	0
670	225	0	24.98	0
671	400	100	24.98	0
672	375	100	24.98	0
673	350	100	24.98	0
674	325	100	24.98	0
675	400	75	24.98	0
676	375	75	24.98	0
677	350	75	24.98	0
678	325	75	24.98	0
679	400	50	24.98	0
680	375	50	24.98	0
681	350	50	24.98	0
682	325	50	24.98	0
683	400	25	24.98	0
684	375	25	24.98	0
685	350	25	24.98	0
686	325	25	24.98	0
687	400	0	24.98	0
688	375	0	24.98	0
689	350	0	24.98	0
690	325	0	24.98	0
691	100	200	24.98	0
692	75	200	24.98	0
693	50	200	24.98	0
694	25	200	24.98	0
695	0	200	24.98	0
696	100	175	24.98	0
697	75	175	24.98	0
698	50	175	24.98	0
699	25	175	24.98	0
700	0	175	24.98	0
701	100	150	24.98	0
702	75	150	24.98	0
703	50	150	24.98	0
704	25	150	24.98	0
705	0	150	24.98	0
706	100	125	24.98	0
707	75	125	24.98	0
708	50	125	24.98	0
709	25	125	24.98	0
710	0	125	24.98	0
711	200	199.975	24.98	0
712	175	199.98125	24.98	0
713	150	199.9875	24.98	0
714	125	199.99375	24.98	0
715	200	174.9875	24.98	0
716	175	174.990625	24.98	0
717	150	174.99375	24.98	0
718	125	174.996875	24.98	0
719	200	150	24.98	0
720	175	150	24.98	0
721	150	150	24.98	0
722	125	150	24.98	0
723	200	125.0125	24.98	0
724	175	125.009375	24.98	0
725	150	125.00625	24.98	0
726	125	125.003125	24.98	0
727	200	100.025	24.98	0
728	175	100.01875	24.98	0
729	150	100.0125	24.98	0
730	125	100.00625	24.98	0
731	175	175	15	0
732	150	175	15	0
733	125	175	15	0
734	175	150	15	0
735	150	150	15	0
736	125	150	15	0
737	175	125	15	0
738	150	125	15	0
739	125	125	15	0
740	300	200	24.98	0
741	275	199.99375	24.98	0
742	250	199.9875	24.98	0
743	225	199.98125	24.98	0
744	300	175	24.98	0
745	275	174.996875	24.98	0
746	250	174.99375	24.98	0
747	225	174.990625	24.98	0
748	300	150	24.98	0
749	275	150	24.98	0
750	250	150	24.98	0
751	225	150	24.98	0
752	300	125	24.98	0
753	275	125.003125	24.98	0
754	250	125.00625	24.98	0
755	225	125.009375	24.98	0
756	275	100.00625	24.98	0
757	250	100.0125	24.98	0
758	225	100.01875	24.98	0
759	400	200	24.98	0
760	375	200	24.98	0
761	350	200	24.98	0
762	325	200	24.98	0
763	400	175	24.98	0
764	375	175	24.98	0
765	350	175	24.98	0
766	325	175	24.98	0
767	400	150	24.98	0
768	375	150	24.98	0
769	350	150	24.98	0
770	325	150	24.98	0
771	400	125	24.98	0
772	375	125	24.98	0
773	350	125	24.98	0
774	325	125	24.98	0
775	100	300	24.98	0
776	75	300	24.98	0
777	50	300	24.98	0
778	25	300	24.98	0
779	0	300	24.98	0
780	100	275	24.98	0
781	75	275	24.98	0
782	50	275	24.98	0
783	25	275	24.98	0
784	0	275	24.98	0
785	100	250	24.98	0
786	75	250	24.98	0
787	50	250	24.98	0
788	25	250	24.98	0
789	0	250	24.98	0
790	100	225	24.98	0
791	75	225	24.98	0
792	50	225	24.98	0
793	25	225	24.98	0
794	0	225	24.98	0
795	200	299.975	24.98	0
796	175	299.98125	24.98	0
797	150	299.9875	24.98	0
798	125	299.99375	24.98	0
799	200	274.9875	24.98	0
800	175	274.990625	24.98	0
801	150	274.99375	24.98	0
802	125	274.996875	24.98	0
803	200	250	24.98	0
804	175	250	24.98	0
805	150	250	24.98	0
806	125	250	24.98	0
807	200	225.0125	24.98	0
808	175	225.009375	24.98	0
809	150	225.00625	24.98	0
810	125	225.003125	24.98	0
811	200	200.025	24.98	0
812	175	200.01875	24.98	0
813	150	200.0125	24.98	0
814	125	200.00625	24.98	0
815	300	300	24.98	0
816	275	299.99375	24.98	0
817	250	299.9875	24.98	0
818	225	299.98125	24.98	0
819	300	275	24.98	0
820	275	274.996875	24.98	0
821	250	274.99375	24.98	0
822	225	274.990625	24.98	0
823	300	250	24.98	0
824	275	250	24.98	0
825	250	250	24.98	0
826	225	250	24.98	0
827	300	225	24.98	0
828	275	225.003125	24.98	0
829	250	225.00625	24.98	0
830	225	225.009375	24.98	0
831	275	200.00625	24.98	0
832	250	200.0125	24.98	0
833	225	200.01875	24.98	0
834	400	300	24.98	0
835	375	300	24.98	0
836	350	300	24.98	0
837	325	300	24.98	0
838	400	275	24.98	0
839	375	275	24.98	0
840	350	275	24.98	0
841	325	275	24.98	0
842	400	250	24.98	0
843	375	250	24.98	0
844	350	250	24.98	0
845	325	250	24.98	0
846	400	225	24.98	0
847	375	225	24.98	0
848	350	225	24.98	0
849	325	225	24.98	0
850	100	400	24.98	0
851	75	400	24.98	0
852	50	400	24.98	0
853	25	400	24.98	0
854	0	400	24.98	0
855	100	375	24.98	0
856	75	375	24.98	0
857	50	375	24.98	0
858	25	375	24.98	0
859	0	375	24.98	0
860	100	350	24.98	0
861	75	350	24.98	0
862	50	350	24.98	0
863	25	350	24.98	0
864	0	350	24.98	0
865	100	325	24.98	0
866	75	325	24.98	0
867	50	325	24.98	0
868	25	325	24.98	0
869	0	325	24.98	0
870	200	400	24.98	0
871	175	400	24.98	0
872	150	400	24.98	0
873	125	400	24.98	0
874	200	375.00625	24.98	0
875	175	375.0046875	24.98	0
876	150	375.003125	24.98	0
877	125	375.0015625	24.98	0
878	200	350.0125	24.98	0
879	175	350.009375	24.98	0
880	150	350.00625	24.98	0
881	125	350.003125	24.98	0
882	200	325.01875	24.98	0
883	175	325.0140625	24.98	0
884	150	325.009375	24.98	0
885	125	325.0046875	24.98	0
886	200	300.025	24.98	0
887	175	300.01875	24.98	0
888	150	300.0125	24.98	0
889	125	300.00625	24.98	0
890	300	400	24.98	0
891	275	400	24.98	0
892	250	400	24.98	0
893	225	400	24.98	0
894	300	375	24.98	0
895	275	375.0015625	24.98	0
896	250	375.003125	24.98	0
897	225	375.0046875	24.98	0
898	300	350	24.98	0
899	275	350.003125	24.98	0
900	250	350.00625	24.98	0
901	225	350.009375	24.98	0
902	300	325	24.98	0
903	275	325.0046875	24.98	0
904	250	325.009375	24.98	0
905	225	325.0140625	24.98	0
906	275	300.00625	24.98	0
907	250	300.0125	24.98	0
908	225	300.01875	24.98	0
909	400	400	24.98	0
910	375	400	24.98	0
911	350	400	24.98	0
912	325	400	24.98	0
913	400	375	24.98	0
914	375	375	24.98	0
915	350	375	24.98	0
916	325	375	24.98	0
917	400	350	24.98	0
918	375	350	24.98	0
919	350	350	24.98	0
920	325	350	24.98	0
921	400	325	24.98	0
922	375	325	24.98	0
923	350	325	24.98	0
924	325	325	24.98	0
925	100	100	30.78	0
926	75	100	30.78	0
927	50	100	30.78	0
928	25	100	30.78	0
929	0	100	30.78	0
930	100	75	30.78	0
931	75	75	30.78	0
932	50	75	30.78	0
933	25	75	30.78	0
934	0	75	30.78	0
935	100	50	30.78	0
936	75	50	30.78	0
937	50	50	30.78	0
938	25	50	30.78	0
939	0	50	30.78	0
940	100	25	30.78	0
941	75	25	30.78	0
942	50	25	30.78	0
943	25	25	30.78	0
944	0	25	30.78	0
945	100	0	30.78	0
946	75	0	30.78	0
947	50	0	30.78	0
948	25	0	30.78	0
949	0	0	30.78	0
950	200	99.975	30.78	0
951	175	99.98125	30.78	0
952	150	99.9875	30.78	0
953	125	99.99375	30.78	0
954	200	74.98125	30.78	0
955	175	74.9859375	30.78	0
956	150	74.990625	30.78	0
957	125	74.9953125	30.78	0
958	200	49.9875	30.78	0
959	175	49.990625	30.78	0
960	150	49.99375	30.78	0
961	125	49.996875	30.78	0
962	200	24.99375	30.78	0
963	175	24.9953125	30.78	0
964	150	24.996875	30.78	0
965	125	24.9984375	30.78	0
966	200	0	30.78	0
967	175	0	30.78	0
968	150	0	30.78	0
969	125	0	30.78	0
970	300	100	30.78	0
971	275	99.99375	30.78	0
972	250	99.9875	30.78	0
973	225	99.98125	30.78	0
974	300	75	30.78	0
975	275	74.9953125	30.78	0
976	250	74.990625	30.78	0
977	225	74.9859375	30.78	0
978	300	50	30.78	0
979	275	49.996875	30.78	0
980	250	49.99375	30.78	0
981	225	49.990625	30.78	0
982	300	25	30.78	0
983	275	24.9984375	30.78	0
984	250	24.996875	30.78	0
985	225	24.9953125	30.78	0
986	300	0	30.78	0
987	275	0	30.78	0
988	250	0	30.78	0
989	225	0	30.78	0
990	400	100	30.78	0
991	375	100	30.78	0
992	350	100	30.78	0
993	325	100	30.78	0
994	400	75	30.78	0
995	375	75	30.78	0
996	350	75	30.78	0
997	325	75	30.78	0
998	400	50	30.78	0
999	375	50	30.78	0
1000	350	50	30.78	0
1001	325	50	30.78	0
1002	400	25	30.78	0
1003	375	25	30.78	0
1004	350	25	30.78	0
1005	325	25	30.78	0
1006	400	0	30.78	0
1007	375	0	30.78	0
1008	350	0	30.78	0
1009	325	0	30.78	0
1010	100	200	30.78	0
1011	75	200	30.78	0
1012	50	200	30.78	0
1013	25	200	30.78	0
1014	0	200	30.78	0
1015	100	175	30.78	0
1016	75	175	30.78	0
1017	50	175	30.78	0
1018	25	175	30.78	0
1019	0	175	30.78	0
1020	100	150	30.78	0
1021	75	150	30.78	0
1022	50	150	30.78	0
1023	25	150	30.78	0
1024	0	150	30.78	0
1025	100	125	30.78	0
1026	75	125	30.78	0
1027	50	125	30.78	0
1028	25	125	30.78	0
1029	0	125	30.78	0
1030	200	199.975	30.78	0
1031	175	199.98125	30.78	0
1032	150	199.9875	30.78	0
1033	125	199.99375	30.78	0
1034	200	174.9875	30.78	0
1035	175	174.990625	30.78	0
1036	150	174.99375	30.78	0
1037	125	174.996875	30.78	0
1038	200	150	30.78	0
1039	175	150	30.78	0
1040	150	150	30.78	0
1041	125	150	30.78	0
1042	200	125.0125	30.78	0
1043	175	125.009375	30.78	0
1044	150	125.00625	30.78	0
1045	125	125.003125	30.78	0
1046	200	100.025	30.78	0
1047	175	100.01875	30.78	0
1048	150	100.0125	30.78	0
1049	125	100.00625	30.78	0
1050	300	200	30.78	0
1051	275	199.99375	30.78	0
1052	250	199.9875	30.78	0
1053	225	199.98125	30.78	0
1054	300	175	30.78	0
1055	275	174.996875	30.78	0
1056	250	174.99375	30.78	0
1057	225	174.990625	30.78	0
1058	300	150	30.78	0
1059	275	150	30.78	0
1060	250	150	30.78	0
1061	225	150	30.78	0
1062	300	125	30.78	0
1063	275	125.003125	30.78	0
1064	250	125.00625	30.78	0
1065	225	125.009375	30.78	0
1066	275	100.00625	30.78	0
1067	250	100.0125	30.78	0
1068	225	100.01875	30.78	0
1069	400	200	30.78	0
1070	375	200	30.78	0
1071	350	200	30.78	0
1072	325	200	30.78	0
1073	400	175	30.78	0
1074	375	175	30.78	0
1075	350	175	30.78	0
1076	325	175	30.78	0
1077	400	150	30.78	0
1078	375	150	30.78	0
1079	350	150	30.78	0
1080	325	150	30.78	0
1081	400	125	30.78	0
1082	375	125	30.78	0
1083	350	125	30.78	0
1084	325	125	30.78	0
1085	100	300	30.78	0
1086	75	300	30.78	0
1087	50	300	30.78	0
1088	25	300	30.78	0
1089	0	300	30.78	0
1090	100	275	30.78	0
1091	75	275	30.78	0
1092	50	275	30.78	0
1093	25	275	30.78	0
1094	0	275	30.78	0
1095	100	250	30.78	0
1096	75	250	30.78	0
1097	50	250	30.78	0
1098	25	250	30.78	0
1099	0	250	30.78	0
1100	100	225	30.78	0
1101	75	225	30.78	0
1102	50	225	30.78	0
1103	25	225	30.78	0
1104	0	225	30.78	0
1105	200	299.975	30.78	0
1106	175	299.98125	30.78	0
1107	150	299.9875	30.78	0
1108	125	299.99375	30.78	0
1109	200	274.9875	30.78	0
1110	175	274.990625	30.78	0
1111	150	274.99375	30.78	0
1112	125	274.996875	30.78	0
1113	200	250	30.78	0
1114	175	250	30.78	0
1115	150	250	30.78	0
1116	125	250	30.78	0
1117	200	225.0125	30.78	0
1118	175	225.009375	30.78	0
1119	150	225.00625	30.78	0
1120	125	225.003125	30.78	0
1121	200	200.025	30.78	0
1122	175	200.01875	30.78	0
1123	150	200.0125	30.78	0
1124	125	200.00625	30.78	0
1125	300	300	30.78	0
1126	275	299.99375	30.78	0
1127	250	299.9875	30.78	0
1128	225	299.98125	30.78	0
1129	300	275	30.78	0
1130	275	274.996875	30.78	0
1131	250	274.99375	30.78	0
1132	225	274.990625	30.78	0
1133	300	250	30.78	0
1134	275	250	30.78	0
1135	250	250	30.78	0
1136	225	250	30.78	0
1137	300	225	30.78	0
1138	275	225.003125	30.78	0
1139	250	225.00625	30.78	0
1140	225	225.009375	30.78	0
1141	275	200.00625	30.78	0
1142	250	200.0125	30.78	0
1143	225	200.01875	30.78	0
1144	400	300	30.78	0
1145	375	300	30.78	0
1146	350	300	30.78	0
1147	325	300	30.78	0
1148	400	275	30.78	0
1149	375	275	30.78	0
1150	350	275	30.78	0
1151	325	275	30.78	0
1152	400	250	30.78	0
1153	375	250	30.78	0
1154	350	250	30.78	0
1155	325	250	30.78	0
1156	400	225	30.78	0
1157	375	225	30.78	0
1158	350	225	30.78	0
1159	325	225	30.78	0
1160	100	400	30.78	0
1161	75	400	30.78	0
1162	50	400	30.78	0
1163	25	400	30.78	0
1164	0	400	30.78	0
1165	100	375	30.78	0
1166	75	375	30.78	0
1167	50	375	30.78	0
1168	25	375	30.78	0
1169	0	375	30.78	0
1170	100	350	30.78	0
1171	75	350	30.78	0
1172	50	350	30.78	0
1173	25	350	30.78	0
1174	0	350	30.78	0
1175	100	325	30.78	0
1176	75	325	30.78	0
1177	50	325	30.78	0
1178	25	325	30.78	0
1179	0	325	30.78	0
1180	200	400	30.78	0
1181	175	400	30.78	0
1182	150	400	30.78	0
1183	125	400	30.78	0
1184	200	375.00625	30.78	0
1185	175	375.0046875	30.78	0
1186	150	375.003125	30.78	0
1187	125	375.0015625	30.78	0
1188	200	350.0125	30.78	0
1189	175	350.009375	30.78	0
1190	150	350.00625	30.78	0
1191	125	350.003125	30.78	0
1192	200	325.01875	30.78	0
1193	175	325.0140625	30.78	0
1194	150	325.009375	30.78	0
1195	125	325.0046875	30.78	0
1196	200	300.025	30.78	0
1197	175	300.01875	30.78	0
1198	150	300.0125	30.78	0
1199	125	300.00625	30.78	0
1200	300	400	30.78	0
1201	275	400	30.78	0
1202	250	400	30.78	0
1203	225	400	30.78	0
1204	300	375	30.78	0
1205	275	375.0015625	30.78	0
1206	250	375.003125	30.78	0
1207	225	375.0046875	30.78	0
1208	300	350	30.78	0
1209	275	350.003125	30.78	0
1210	250	350.00625	30.78	0
1211	225	350.009375	30.78	0
1212	300	325	30.78	0
1213	275	325.0046875	30.78	0
1214	250	325.009375	30.78	0
1215	225	325.0140625	30.78	0
1216	275	300.00625	30.78	0
1217	250	300.0125	30.78	0
1218	225	300.01875	30.78	0
1219	400	400	30.78	0
1220	375	400	30.78	0
1221	350	400	30.78	0
1222	325	400	30.78	0
1223	400	375	30.78	0
1224	375	375	30.78	0
1225	350	375	30.78	0
1226	325	375	30.78	0
1227	400	350	30.78	0
1228	375	350	30.78	0
1229	350	350	30.78	0
1230	325	350	30.78	0
1231	400	325	30.78	0
1232	375	325	30.78	0
1233	350	325	30.78	0
1234	325	325	30.78	0
1235	100	100	34.89	0
1236	75	100	34.89	0
1237	50	100	34.89	0
1238	25	100	34.89	0
1239	0	100	34.89	0
1240	100	75	34.89	0
1241	75	75	34.89	0
1242	50	75	34.89	0
1243	25	75	34.89	0
1244	0	75	34.89	0
1245	100	50	34.89	0
1246	75	50	34.89	0
1247	50	50	34.89	0
1248	25	50	34.89	0
1249	0	50	34.89	0
1250	100	25	34.89	0
1251	75	25	34.89	0
1252	50	25	34.89	0
1253	25	25	34.89	0
1254	0	25	34.89	0
1255	100	0	34.89	0
1256	75	0	34.89	0
1257	50	0	34.89	0
1258	25	0	34.89	0
1259	0	0	34.89	0
1260	200	99.975	34.89	0
1261	175	99.98125	34.89	0
1262	150	99.9875	34.89	0
1263	125	99.99375	34.89	0
1264	200	74.98125	34.89	0
1265	175	74.9859375	34.89	0
1266	150	74.990625	34.89	0
1267	125	74.9953125	34.89	0
1268	200	49.9875	34.89	0
1269	175	49.990625	34.89	0
1270	150	49.99375	34.89	0
1271	125	49.996875	34.89	0
1272	200	24.99375	34.89	0
1273	175	24.9953125	34.89	0
1274	150	24.996875	34.89	0
1275	125	24.9984375	34.89	0
1276	200	0	34.89	0
1277	175	0	34.89	0
1278	150	0	34.89	0
1279	125	0	34.89	0
1280	300	100	34.89	0
1281	275	99.99375	34.89	0
1282	250	99.9875	34.89	0
1283	225	99.98125	34.89	0
1284	300	75	34.89	0
1285	275	74.9953125	34.89	0
1286	250	74.990625	34.89	0
1287	225	74.9859375	34.89	0
1288	300	50	34.89	0
1289	275	49.996875	34.89	0
1290	250	49.99375	34.89	0
1291	225	49.990625	34.89	0
1292	300	25	34.89	0
1293	275	24.9984375	34.89	0
1294	250	24.996875	34.89	0
1295	225	24.9953125	34.89	0
1296	300	0	34.89	0
1297	275	0	34.89	0
1298	250	0	34.89	0
1299	225	0	34.89	0
1300	400	100	34.89	0
1301	375	100	34.89	0
1302	350	100	34.89	0
1303	325	100	34.89	0
1304	400	75	34.89	0
1305	375	75	34.89	0
1306	350	75	34.89	0
1307	325	75	34.89	0
1308	400	50	34.89	0
1309	375	50	34.89	0
1310	350	50	34.89	0
1311	325	50	34.89	0
1312	400	25	34.89	0
1313	375	25	34.89	0
1314	350	25	34.89	0
1315	325	25	34.89	0
1316	400	0	34.89	0
1317	375	0	34.89	0
1318	350	0	34.89	0
1319	325	0	34.89	0
1320	100	200	34.89	0
1321	75	200	34.89	0
1322	50	200	34.89	0
1323	25	200	34.89	0
1324	0	200	34.89	0
1325	100	175	34.89	0
1326	75	175	34.89	0
1327	50	175	34.89	0
1328	25	175	34.89	0
1329	0	175	34.89	0
1330	100	150	34.89	0
1331	75	150	34.89	0
1332	50	150	34.89	0
1333	25	150	34.89	0
1334	0	150	34.89	0
1335	100	125	34.89	0
1336	75	125	34.89	0
1337	50	125	34.89	0
1338	25	125	34.89	0
1339	0	125	34.89	0
1340	200	199.975	34.89	0
1341	175	199.98125	34.89	0
1342	150	199.9875	34.89	0
1343	125	199.99375	34.89	0
1344	200	174.9875	34.89	0
1345	175	174.990625	34.89	0
1346	150	174.99375	34.89	0
1347	125	174.996875	34.89	0
1348	200	150	34.89	0
1349	175	150	34.89	0
1350	150	150	34.89	0
1351	125	150	34.89	0
1352	200	125.0125	34.89	0
1353	175	125.009375	34.89	0
1354	150	125.00625	34.89	0
1355	125	125.003125	34.89	0
1356	200	100.025	34.89	0
1357	175	100.01875	34.89	0
1358	150	100.0125	34.89	0
1359	125	100.00625	34.89	0
1360	300	200	34.89	0
1361	275	199.99375	34.89	0
1362	250	199.9875	34.89	0
1363	225	199.98125	34.89	0
1364	300	175	34.89	0
1365	275	174.996875	34.89	0
1366	250	174.99375	34.89	0
1367	225	174.990625	34.89	0
1368	300	150	34.89	0
1369	275	150	34.89	0
1370	250	150	34.89	0
1371	225	150	34.89	0
1372	300	125	34.89	0
1373	275	125.003125	34.89	0
1374	250	125.00625	34.89	0
1375	225	125.009375	34.89	0
1376	275	100.00625	34.89	0
1377	250	100.0125	34.89	0
1378	225	100.01875	34.89	0
1379	400	200	34.89	0
1380	375	200	34.89	0
1381	350	200	34.89	0
1382	325	200	34.89	0
1383	400	175	34.89	0
1384	375	175	34.89	0
1385	350	175	34.89	0
1386	325	175	34.89	0
1387	400	150	34.89	0
1388	375	150	34.89	0
1389	350	150	34.89	0
1390	325	150	34.89	0
1391	400	125	34.89	0
1392	375	125	34.89	0
1393	350	125	34.89	0
1394	325	125	34.89	0
1395	100	300	34.89	0
1396	75	300	34.89	0
1397	50	300	34.89	0
1398	25	300	34.89	0
1399	0	300	34.89	0
1400	100	275	34.89	0
1401	75	275	34.89	0
1402	50	275	34.89	0
1403	25	275	34.89	0
1404	0	275	34.89	0
1405	100	250	34.89	0
1406	75	250	34.89	0
1407	50	250	34.89	0
1408	25	250	34.89	0
1409	0	250	34.89	0
1410	100	225	34.89	0
1411	75	225	34.89	0
1412	50	225	34.89	0
1413	25	225	34.89	0
1414	0	225	34.89	0
1415	200	299.975	34.89	0
1416	175	299.98125	34.89	0
1417	150	299.9875	34.89	0
1418	125	299.99375	34.89	0
1419	200	274.9875	34.89	0
1420	175	274.990625	34.89	0
1421	150	274.99375	34.89	0
1422	125	274.996875	34.89	0
1423	200	250	34.89	0
1424	175	250	34.89	0
1425	150	250	34.89	0
1426	125	250	34.89	0
1427	200	225.0125	34.89	0
1428	175	225.009375	34.89	0
1429	150	225.00625	34.89	0
1430	125	225.003125	34.89	0
1431	200	200.025	34.89	0
1432	175	200.01875	34.89	0
1433	150	200.0125	34.89	0
1434	125	200.00625	34.89	0
1435	300	300	34.89	0
1436	275	299.99375	34.89	0
1437	250	299.9875	34.89	0
1438	225	299.98125	34.89	0
1439	300	275	34.89	0
1440	275	274.996875	34.89	0
1441	250	274.99375	34.89	0
1442	225	274.990625	34.89	0
1443	300	250	34.89	0
1444	275	250	34.89	0
1445	250	250	34.89	0
1446	225	250	34.89	0
1447	300	225	34.89	0
1448	275	225.003125	34.89	0
1449	250	225.00625	34.89	0
1450	225	225.009375	34.89	0
1451	275	200.00625	34.89	0
1452	250	200.0125	34.89	0
1453	225	200.01875	34.89	0
1454	400	300	34.89	0
1455	375	300	34.89	0
1456	350	300	34.89	0
1457	325	300	34.89	0
1458	400	275	34.89	0
1459	375	275	34.89	0
1460	350	275	34.89	0
1461	325	275	34.89	0
1462	400	250	34.89	0
1463	375	250	34.89	0
1464	350	250	34.89	0
1465	325	250	34.89	0
1466	400	225	34.89	0
1467	375	225	34.89	0
1468	350	225	34.89	0
1469	325	225	34.89	0
1470	100	400	34.89	0
1471	75	400	34.89	0
1472	50	400	34.89	0
1473	25	400	34.89	0
1474	0	400	34.89	0
1475	100	375	34.89	0
1476	75	375	34.89	0
1477	50	375	34.89	0
1478	25	375	34.89	0
1479	0	375	34.89	0
1480	100	350	34.89	0
1481	75	350	34.89	0
1482	50	350	34.89	0
1483	25	350	34.89	0
1484	0	350	34.89	0
1485	100	325	34.89	0
1486	75	325	34.89	0
1487	50	325	34.89	0
1488	25	325	34.89	0
1489	0	325	34.89	0
1490	200	400	34.89	0
1491	175	400	34.89	0
1492	150	400	34.89	0
1493	125	400	34.89	0
1494	200	375.00625	34.89	0
1495	175	375.0046875	34.89	0
1496	150	375.003125	34.89	0
1497	125	375.0015625	34.89	0
1498	200	350.0125	34.89	0
1499	175	350.009375	34.89	0
1500	150	350.00625	34.89	0
1501	125	350.003125	34.89	0
1502	200	325.01875	34.89	0
1503	175	325.0140625	34.89	0
1504	150	325.009375	34.89	0
1505	125	325.0046875	34.89	0
1506	200	300.025	34.89	0
1507	175	300.01875	34.89	0
1508	150	300.0125	34.89	0
1509	125	300.00625	34.89	0
1510	300	400	34.89	0
1511	275	400	34.89	0
1512	250	400	34.89	0
1513	225	400	34.89	0
1514	300	375	34.89	0
1515	275	375.0015625	34.89	0
1516	250	375.003125	34.89	0
1517	225	375.0046875	34.89	0
1518	300	350	34.89	0
1519	275	350.003125	34.89	0
1520	250	350.00625	34.89	0
1521	225	350.009375	34.89	0
1522	300	325	34.89	0
1523	275	325.0046875	34.89	0
1524	250	325.009375	34.89	0
1525	225	325.0140625	34.89	0
1526	275	300.00625	34.89	0
1527	250	300.0125	34.89	0
1528	225	300.01875	34.89	0
1529	400	400	34.89	0
1530	375	400	34.89	0
1531	350	400	34.89	0
1532	325	400	34.89	0
1533	400	375	34.89	0
1534	375	375	34.89	0
1535	350	375	34.89	0
1536	325	375	34.89	0
1537	400	350	34.89	0
1538	375	350	34.89	0
1539	350	350	34.89	0
1540	325	350	34.89	0
1541	400	325	34.89	0
1542	375	325	34.89	0
1543	350	325	34.89	0
1544	325	325	34.89	0
1545	100	100	44.64	0
1546	75	100	44.64	0
1547	50	100	44.64	0
1548	25	100	44.64	0
1549	0	100	44.64	0
1550	100	75	44.64	0
1551	75	75	44.64	0
1552	50	75	44.64	0
1553	25	75	44.64	0
1554	0	75	44.64	0
1555	100	50	44.64	0
1556	75	50	44.64	0
1557	50	50	44.64	0
1558	25	50	44.64	0
1559	0	50	44.64	0
1560	100	25	44.64	0
1561	75	25	44.64	0
1562	50	25	44.64	0
1563	25	25	44.64	0
1564	0	25	44.64	0
1565	100	0	44.64	0
1566	75	0	44.64	0
1567	50	0	44.64	0
1568	25	0	44.64	0
1569	0	0	44.64	0
1570	100	100	39.765	0
1571	75	100	39.765	0
1572	50	100	39.765	0
1573	25	100	39.765	0
1574	0	100	39.765	0
1575	100	75	39.765	0
1576	75	75	39.765	0
1577	50	75	39.765	0
1578	25	75	39.765	0
1579	0	75	39.765	0
1580	100	50	39.765	0
1581	75	50	39.765	0
1582	50	50	39.765	0
1583	25	50	39.765	0
1584	0	50	39.765	0
1585	100	25	39.765	0
1586	75	25	39.765	0
1587	50	25	39.765	0
1588	25	25	39.765	0
1589	0	25	39.765	0
1590	100	0	39.765	0
1591	75	0	39.765	0
1592	50	0	39.765	0
1593	25	0	39.765	0
1594	0	0	39.765	0
1595	200	99.975	44.64	0
1596	175	99.98125	44.64	0
1597	150	99.9875	44.64	0
1598	125	99.99375	44.64	0
1599	200	74.98125	44.64	0
1600	175	74.9859375	44.64	0
1601	150	74.990625	44.64	0
1602	125	74.9953125	44.64	0
1603	200	49.9875	44.64	0
1604	175	49.990625	44.64	0
1605	150	49.99375	44.64	0
1606	125	49.996875	44.64	0
1607	200	24.99375	44.64	0
1608	175	24.9953125	44.64	0
1609	150	24.996875	44.64	0
1610	125	24.9984375	44.64	0
1611	200	0	44.64	0
1612	175	0	44.64	0
1613	150	0	44.64	0
1614	125	0	44.64	0
1615	200	99.975	39.765	0
1616	175	99.98125	39.765	0
1617	150	99.9875	39.765	0
1618	125	99.99375	39.765	0
1619	200	74.98125	39.765	0
1620	175	74.9859375	39.765	0
1621	150	74.990625	39.765	0
1622	125	74.9953125	39.765	0
1623	200	49.9875	39.765	0
1624	175	49.990625	39.765	0
1625	150	49.99375	39.765	0
1626	125	49.996875	39.765	0
1627	200	24.99375	39.765	0
1628	175	24.9953125	39.765	0
1629	150	24.996875	39.765	0
1630	125	24.9984375	39.765	0
1631	200	0	39.765	0
1632	175	0	39.765	0
1633	150	0	39.765	0
1634	125	0	39.765	0
1635	300	100	44.64	0
1636	275	99.99375	44.64	0
1637	250	99.9875	44.64	0
1638	225	99.98125	44.64	0
1639	300	75	44.64	0
1640	275	74.9953125	44.64	0
1641	250	74.990625	44.64	0
1642	225	74.9859375	44.64	0
1643	300	50	44.64	0
1644	275	49.996875	44.64	0
1645	250	49.99375	44.64	0
1646	225	49.990625	44.64	0
1647	300	25	44.64	0
1648	275	24.9984375	44.64	0
1649	250	24.996875	44.64	0
1650	225	24.9953125	44.64	0
1651	300	0	44.64	0
1652	275	0	44.64	0
1653	250	0	44.64	0
1654	225	0	44.64	0
1655	300	100	39.765	0
1656	275	99.99375	39.765	0
1657	250	99.9875	39.765	0
1658	225	99.98125	39.765	0
1659	300	75	39.765	0
1660	275	74.9953125	39.765	0
1661	250	74.990625	39.765	0
1662	225	74.9859375	39.765	0
1663	300	50	39.765	0
1664	275	49.996875	39.765	0
1665	250	49.99375	39.765	0
1666	225	49.990625	39.765	0
1667	300	25	39.765	0
1668	275	24.9984375	39.765	0
1669	250	24.996875	39.765	0
1670	225	24.9953125	39.765	0
1671	300	0	39.765	0
1672	275	0	39.765	0
1673	250	0	39.765	0
1674	225	0	39.765	0
1675	400	100	44.64	0
1676	375	100	44.64	0
1677	350	100	44.64	0
1678	325	100	44.64	0
1679	400	75	44.64	0
1680	375	75	44.64	0
1681	350	75	44.64	0
1682	325	75	44.64	0
1683	400	50	44.64	0
1684	375	50	44.64	0
1685	350	50	44.64	0
1686	325	50	44.64	0
1687	400	25	44.64	0
1688	375	25	44.64	0
1689	350	25	44.64	0
1690	325	25	44.64	0
1691	400	0	44.64	0
1692	375	0	44.64	0
1693	350	0	44.64	0
1694	325	0	44.64	0
1695	400	100	39.765	0
1696	375	100	39.765	0
1697	350	100	39.765	0
1698	325	100	39.765	0
1699	400	75	39.765	0
1700	375	75	39.765	0
1701	350	75	39.765	0
1702	325	75	39.765	0
1703	400	50	39.765	0
1704	375	50	39.765	0
1705	350	50	39.765	0
1706	325	50	39.765	0
1707	400	25	39.765	0
1708	375	25	39.765	0
1709	350	25	39.765	0
1710	325	25	39.765	0
1711	400	0	39.765	0
1712	375	0	39.765	0
1713	350	0	39.765	0
1714	325	0	39.765	0
1715	100	200	44.64	0
1716	75	200	44.64	0
1717	50	200	44.64	0
1718	25	200	44.64	0
1719	0	200	44.64	0
1720	100	175	44.64	0
1721	75	175	44.64	0
1722	50	175	44.64	0
1723	25	175	44.64	0
1724	0	175	44.64	0
1725	100	150	44.64	0
1726	75	150	44.64	0
1727	50	150	44.64	0
1728	25	150	44.64	0
1729	0	150	44.64	0
1730	100	125	44.64	0
1731	75	125	44.64	0
1732	50	125	44.64	0
1733	25	125	44.64	0
1734	0	125	44.64	0
1735	100	200	39.765	0
1736	75	200	39.765	0
1737	50	200	39.765	0
1738	25	200	39.765	0
1739	0	200	39.765	0
1740	100	175	39.765	0
1741	75	175	39.765	0
1742	50	175	39.765	0
1743	25	175	39.765	0
1744	0	175	39.765	0
1745	100	150	39.765	0
1746	75	150	39.765	0
1747	50	150	39.765	0
1748	25	150	39.765	0
1749	0	150	39.765	0
1750	100	125	39.765	0
1751	75	125	39.765	0
1752	50	125	39.765	0
1753	25	125	39.765	0
1754	0	125	39.765	0
1755	200	199.975	44.64	0
1756	175	199.98125	44.64	0
1757	150	199.9875	44.64	0
1758	125	199.99375	44.64	0
1759	200	174.9875	44.64	0
1760	175	174.990625	44.64	0
1761	150	174.99375	44.64	0
1762	125	174.996875	44.64	0
1763	200	150	44.64	0
1764	175	150	44.64	0
1765	150	150	44.64	0
1766	125	150	44.64	0
1767	200	125.0125	44.64	0
1768	175	125.009375	44.64	0
1769	150	125.00625	44.64	0
1770	125	125.003125	44.64	0
1771	200	100.025	44.64	0
1772	175	100.01875	44.64	0
1773	150	100.0125	44.64	0
1774	125	100.00625	44.64	0
1775	200	199.975	39.765	0
1776	175	199.98125	39.765	0
1777	150	199.9875	39.765	0
1778	125	199.99375	39.765	0
1779	200	174.9875	39.765	0
1780	175	174.990625	39.765	0
1781	150	174.99375	39.765	0
1782	125	174.996875	39.765	0
1783	200	150	39.765	0
1784	175	150	39.765	0
1785	150	150	39.765	0
1786	125	150	39.765	0
1787	200	125.0125	39.765	0
1788	175	125.009375	39.765	0
1789	150	125.00625	39.765	0
1790	125	125.003125	39.765	0
1791	200	100.025	39.765	0
1792	175	100.01875	39.765	0
1793	150	100.0125	39.765	0
1794	125	100.00625	39.765	0
1795	300	200	44.64	0
1796	275	199.99375	44.64	0
1797	250	199.9875	44.64	0
1798	225	199.98125	44.64	0
1799	300	175	44.64	0
1800	275	174.996875	44.64	0
1801	250	174.99375	44.64	0
1802	225	174.990625	44.64	0
1803	300	150	44.64	0
1804	275	150	44.64	0
1805	250	150	44.64	0
1806	225	150	44.64	0
1807	300	125	44.64	0
1808	275	125.003125	44.64	0
1809	250	125.00625	44.64	0
1810	225	125.009375	44.64	0
1811	275	100.00625	44.64	0
1812	250	100.0125	44.64	0
1813	225	100.01875	44.64	0
1814	300	200	39.765	0
1815	275	199.99375	39.765	0
1816	250	199.9875	39.765	0
1817	225	199.98125	39.765	0
1818	300	175	39.765	0
1819	275	174.996875	39.765	0
1820	250	174.99375	39.765	0
1821	225	174.990625	39.765	0
1822	300	150	39.765	0
1823	275	150	39.765	0
1824	250	150	39.765	0
1825	225	150	39.765	0
1826	300	125	39.765	0
1827	275	125.003125	39.765	0
1828	250	125.00625	39.765	0
1829	225	125.009375	39.765	0
1830	275	100.00625	39.765	0
1831	250	100.0125	39.765	0
1832	225	100.01875	39.765	0
1833	400	200	44.64	0
1834	375	200	44.64	0
1835	350	200	44.64	0
1836	325	200	44.64	0
1837	400	175	44.64	0
1838	375	175	44.64	0
1839	350	175	44.64	0
1840	325	175	44.64	0
1841	400	150	44.64	0
1842	375	150	44.64	0
1843	350	150	44.64	0
1844	325	150	44.64	0
1845	400	125	44.64	0
1846	375	125	44.64	0
1847	350	125	44.64	0
1848	325	125	44.64	0
1849	400	200	39.765	0
1850	375	200	39.765	0
1851	350	200	39.765	0
1852	325	200	39.765	0
1853	400	175	39.765	0
1854	375	175	39.765	0
1855	350	175	39.765	0
1856	325	175	39.765	0
1857	400	150	39.765	0
1858	375	150	39.765	0
1859	350	150	39.765	0
1860	325	150	39.765	0
1861	400	125	39.765	0
1862	375	125	39.765	0
1863	350	125	39.765	0
1864	325	125	39.765	0
1865	100	300	44.64	0
1866	75	300	44.64	0
1867	50	300	44.64	0
1868	25	300	44.64	0
1869	0	300	44.64	0
1870	100	275	44.64	0
1871	75	275	44.64	0
1872	50	275	44.64	0
1873	25	275	44.64	0
1874	0	275	44.64	0
1875	100	250	44.64	0
1876	75	250	44.64	0
1877	50	250	44.64	0
1878	25	250	44.64	0
1879	0	250	44.64	0
1880	100	225	44.64	0
1881	75	225	44.64	0
1882	50	225	44.64	0
1883	25	225	44.64	0
1884	0	225	44.64	0
1885	100	300	39.765	0
1886	75	300	39.765	0
1887	50	300	39.765	0
1888	25	300	39.765	0
1889	0	300	39.765	0
1890	100	275	39.765	0
1891	75	275	39.765	0
1892	50	275	39.765	0
1893	25	275	39.765	0
1894	0	275	39.765	0
1895	100	250	39.765	0
1896	75	250	39.765	0
1897	50	250	39.765	0
1898	25	250	39.765	0
1899	0	250	39.765	0
1900	100	225	39.765	0
1901	75	225	39.765	0
1902	50	225	39.765	0
1903	25	225	39.765	0
1904	0	225	39.765	0
1905	200	299.975	44.64	0
1906	175	299.98125	44.64	0
1907	150	299.9875	44.64	0
1908	125	299.99375	44.64	0
1909	200	274.9875	44.64	0
1910	175	274.990625	44.64	0
1911	150	274.99375	44.64	0
1912	125	274.996875	44.64	0
1913	200	250	44.64	0
1914	175	250	44.64	0
1915	150	250	44.64	0
1916	125	250	44.64	0
1917	200	225.0125	44.64	0
1918	175	225.009375	44.64	0
1919	150	225.00625	44.64	0
1920	125	225.003125	44.64	0
1921	200	200.025	44.64	0
1922	175	200.01875	44.64	0
1923	150	200.0125	44.64	0
1924	125	200.00625	44.64	0
1925	200	299.975	39.765	0
1926	175	299.98125	39.765	0
1927	150	299.9875	39.765	0
1928	125	299.99375	39.765	0
1929	200	274.9875	39.765	0
1930	175	274.990625	39.765	0
1931	150	274.99375	39.765	0
1932	125	274.996875	39.765	0
1933	200	250	39.765	0
1934	175	250	39.765	0
1935	150	250	39.765	0
1936	125	250	39.765	0
1937	200	225.0125	39.765	0
1938	175	225.009375	39.765	0
1939	150	225.00625	39.765	0
1940	125	225.003125	39.765	0
1941	200	200.025	39.765	0
1942	175	200.01875	39.765	0
1943	150	200.0125	39.765	0
1944	125	200.00625	39.765	0
1945	300	300	44.64	0
1946	275	299.99375	44.64	0
1947	250	299.9875	44.64	0
1948	225	299.98125	44.64	0
1949	300	275	44.64	0
1950	275	274.996875	44.64	0
1951	250	274.99375	44.64	0
1952	225	274.990625	44.64	0
1953	300	250	44.64	0
1954	275	250	44.64	0
1955	250	250	44.64	0
1956	225	250	44.64	0
1957	300	225	44.64	0
1958	275	225.003125	44.64	0
1959	250	225.00625	44.64	0
1960	225	225.009375	44.64	0
1961	275	200.00625	44.64	0
1962	250	200.0125	44.64	0
1963	225	200.01875	44.64	0
1964	300	300	39.765	0
1965	275	299.99375	39.765	0
1966	250	299.9875	39.765	0
1967	225	299.98125	39.765	0
1968	300	275	39.765	0
1969	275	274.996875	39.765	0
1970	250	274.99375	39.765	0
1971	225	274.990625	39.765	0
1972	300	250	39.765	0
1973	275	250	39.765	0
1974	250	250	39.765	0
1975	225	250	39.765	0
1976	300	225	39.765	0
1977	275	225.003125	39.765	0
1978	250	225.00625	39.765	0
1979	225	225.009375	39.765	0
1980	275	200.00625	39.765	0
1981	250	200.0125	39.765	0
1982	225	200.01875	39.765	0
1983	400	300	44.64	0
1984	375	300	44.64	0
1985	350	300	44.64	0
1986	325	300	44.64	0
1987	400	275	44.64	0
1988	375	275	44.64	0
1989	350	275	44.64	0
1990	325	275	44.64	0
1991	400	250	44.64	0
1992	375	250	44.64	0
1993	350	250	44.64	0
1994	325	250	44.64	0
1995	400	225	44.64	0
1996	375	225	44.64	0
1997	350	225	44.64	0
1998	325	225	44.64	0
1999	400	300	39.765	0
2000	375	300	39.765	0
2001	350	300	39.765	0
2002	325	300	39.765	0
2003	400	275	39.765	0
2004	375	275	39.765	0
2005	350	275	39.765	0
2006	325	275	39.765	0
2007	400	250	39.765	0
2008	375	250	39.765	0
2009	350	250	39.765	0
2010	325	250	39.765	0
2011	400	225	39.765	0
2012	375	225	39.765	0
2013	350	225	39.765	0
2014	325	225	39.765	0
2015	100	400	44.64	0
2016	75	400	44.64	0
2017	50	400	44.64	0
2018	25	400	44.64	0
2019	0	400	44.64	0
2020	100	375	44.64	0
2021	75	375	44.64	0
2022	50	375	44.64	0
2023	25	375	44.64	0
2024	0	375	44.64	0
2025	100	350	44.64	0
2026	75	350	44.64	0
2027	50	350	44.64	0
2028	25	350	44.64	0
2029	0	350	44.64	0
2030	100	325	44.64	0
2031	75	325	44.64	0
2032	50	325	44.64	0
2033	25	325	44.64	0
2034	0	325	44.64	0
2035	100	400	39.765	0
2036	75	400	39.765	0
2037	50	400	39.765	0
2038	25	400	39.765	0
2039	0	400	39.765	0
2040	100	375	39.765	0
2041	75	375	39.765	0
2042	50	375	39.765	0
2043	25	375	39.765	0
2044	0	375	39.765	0
2045	100	350	39.765	0
2046	75	350	39.765	0
2047	50	350	39.765	0
2048	25	350	39.765	0
2049	0	350	39.765	0
2050	100	325	39.765	0
2051	75	325	39.765	0
2052	50	325	39.765	0
2053	25	325	39.765	0
2054	0	325	39.765	0
2055	200	400	44.64	0
2056	175	400	44.64	0
2057	150	400	44.64	0
2058	125	400	44.64	0
2059	200	375.00625	44.64	0
2060	175	375.0046875	44.64	0
2061	150	375.003125	44.64	0
2062	125	375.0015625	44.64	0
2063	200	350.0125	44.64	0
2064	175	350.009375	44.64	0
2065	150	350.00625	44.64	0
2066	125	350.003125	44.64	0
2067	200	325.01875	44.64	0
2068	175	325.0140625	44.64	0
2069	150	325.009375	44.64	0
2070	125	325.0046875	44.64	0
2071	200	300.025	44.64	0
2072	175	300.01875	44.64	0
2073	150	300.0125	44.64	0
2074	125	300.00625	44.64	0
2075	200	400	39.765	0
2076	175	400	39.765	0
2077	150	400	39.765	0
2078	125	400	39.765	0
2079	200	375.00625	39.765	0
2080	175	375.0046875	39.765	0
2081	150	375.003125	39.765	0
2082	125	375.0015625	39.765	0
2083	200	350.0125	39.765	0
2084	175	350.009375	39.765	0
2085	150	350.00625	39.765	0
2086	125	350.003125	39.765	0
2087	200	325.01875	39.765	0
2088	175	325.0140625	39.765	0
2089	150	325.009375	39.765	0
2090	125	325.0046875	39.765	0
2091	200	300.025	39.765	0
2092	175	300.01875	39.765	0
2093	150	300.0125	39.765	0
2094	125	300.00625	39.765	0
2095	300	400	44.64	0
2096	275	400	44.64	0
2097	250	400	44.64	0
2098	225	400	44.64	0
2099	300	375	44.64	0
2100	275	375.0015625	44.64	0
2101	250	375.003125	44.64	0
2102	225	375.0046875	44.64	0
2103	300	350	44.64	0
2104	275	350.003125	44.64	0
2105	250	350.00625	44.64	0
2106	225	350.009375	44.64	0
2107	300	325	44.64	0
2108	275	325.0046875	44.64	0
2109	250	325.009375	44.64	0
2110	225	325.0140625	44.64	0
2111	275	300.00625	44.64	0
2112	250	300.0125	44.64	0
2113	225	300.01875	44.64	0
2114	300	400	39.765	0
2115	275	400	39.765	0
2116	250	400	39.765	0
2117	225	400	39.765	0
2118	300	375	39.765	0
2119	275	375.0015625	39.765	0
2120	250	375.003125	39.765	0
2121	225	375.0046875	39.765	0
2122	300	350	39.765	0
2123	275	350.003125	39.765	0
2124	250	350.00625	39.765	0
2125	225	350.009375	39.765	0
2126	300	325	39.765	0
2127	275	325.0046875	39.765	0
2128	250	325.009375	39.765	0
2129	225	325.0140625	39.765	0
2130	275	300.00625	39.765	0
2131	250	300.0125	39.765	0
2132	225	300.01875	39.765	0
2133	400	400	44.64	0
2134	375	400	44.64	0
2135	350	400	44.64	0
2136	325	400	44.64	0
2137	400	375	44.64	0
2138	375	375	44.64	0
2139	350	375	44.64	0
2140	325	375	44.64	0
2141	400	350	44.64	0
2142	375	350	44.64	0
2143	350	350	44.64	0
2144	325	350	44.64	0
2145	400	325	44.64	0
2146	375	325	44.64	0
2147	350	325	44.64	0
2148	325	325	44.64	0
2149	400	400	39.765	0
2150	375	400	39.765	0
2151	350	400	39.765	0
2152	325	400	39.765	0
2153	400	375	39.765	0
2154	375	375	39.765	0
2155	350	375	39.765	0
2156	325	375	39.765	0
2157	400	350	39.765	0
2158	375	350	39.765	0
2159	350	350	39.765	0
2160	325	350	39.765	0
2161	400	325	39.765	0
2162	375	325	39.765	0
2163	350	325	39.765	0
2164	325	325	39.765	0
2165	100	100	54.55	0
2166	75	100	54.55	0
2167	50	100	54.55	0
2168	25	100	54.55	0
2169	0	100	54.55	0
2170	100	75	54.55	0
2171	75	75	54.55	0
2172	50	75	54.55	0
2173	25	75	54.55	0
2174	0	75	54.55	0
2175	100	50	54.55	0
2176	75	50	54.55	0
2177	50	50	54.55	0
2178	25	50	54.55	0
2179	0	50	54.55	0
2180	100	25	54.55	0
2181	75	25	54.55	0
2182	50	25	54.55	0
2183	25	25	54.55	0
2184	0	25	54.55	0
2185	100	0	54.55	0
2186	75	0	54.55	0
2187	50	0	54.55	0
2188	25	0	54.55	0
2189	0	0	54.55	0
2190	200	100	54.55	0
2191	175	100	54.55	0
2192	150	100	54.55	0
2193	125	100	54.55	0
2194	200	75	54.55	0
2195	175	75	54.55	0
2196	150	75	54.55	0
2197	125	75	54.55	0
2198	200	50	54.55	0
2199	175	50	54.55	0
2200	150	50	54.55	0
2201	125	50	54.55	0
2202	200	25	54.55	0
2203	175	25	54.55	0
2204	150	25	54.55	0
2205	125	25	54.55	0
2206	200	0	54.55	0
2207	175	0	54.55	0
2208	150	0	54.55	0
2209	125	0	54.55	0
2210	300	100	54.55	0
2211	275	100	54.55	0
2212	250	100	54.55	0
2213	225	100	54.55	0
2214	300	75	54.55	0
2215	275	75	54.55	0
2216	250	75	54.55	0
2217	225	75	54.55	0
2218	300	50	54.55	0
2219	275	50	54.55	0
2220	250	50	54.55	0
2221	225	50	54.55	0
2222	300	25	54.55	0
2223	275	25	54.55	0
2224	250	25	54.55	0
2225	225	25	54.55	0
2226	300	0	54.55	0
2227	275	0	54.55	0
2228	250	0	54.55	0
2229	225	0	54.55	0
2230	400	100	54.55	0
2231	375	100	54.55	0
2232	350	100	54.55	0
2233	325	100	54.55	0
2234	400	75	54.55	0
2235	375	75	54.55	0
2236	350	75	54.55	0
2237	325	75	54.55	0
2238	400	50	54.55	0
2239	375	50	54.55	0
2240	350	50	54.55	0
2241	325	50	54.55	0
2242	400	25	54.55	0
2243	375	25	54.55	0
2244	350	25	54.55	0
2245	325	25	54.55	0
2246	400	0	54.55	0
2247	375	0	54.55	0
2248	350	0	54.55	0
2249	325	0	54.55	0
2250	100	200	54.55	0
2251	75	200	54.55	0
2252	50	200	54.55	0
2253	25	200	54.55	0
2254	0	200	54.55	0
2255	100	175	54.55	0
2256	75	175	54.55	0
2257	50	175	54.55	0
2258	25	175	54.55	0
2259	0	175	54.55	0
2260	100	150	54.55	0
2261	75	150	54.55	0
2262	50	150	54.55	0
2263	25	150	54.55	0
2264	0	150	54.55	0
2265	100	125	54.55	0
2266	75	125	54.55	0
2267	50	125	54.55	0
2268	25	125	54.55	0
2269	0	125	54.55	0
2270	200	200	54.55	0
2271	175	200	54.55	0
2272	150	200	54.55	0
2273	125	200	54.55	0
2274	200	175	54.55	0
2275	175	175	54.55	0
2276	150	175	54.55	0
2277	125	175	54.55	0
2278	200	150	54.55	0
2279	175	150	54.55	0
2280	150	150	54.55	0
2281	125	150	54.55	0
2282	200	125	54.55	0
2283	175	125	54.55	0
2284	150	125	54.55	0
2285	125	125	54.55	0
2286	300	200	54.55	0
2287	275	200	54.55	0
2288	250	200	54.55	0
2289	225	200	54.55	0
2290	300	175	54.55	0
2291	275	175	54.55	0
2292	250	175	54.55	0
2293	225	175	54.55	0
2294	300	150	54.55	0
2295	275	150	54.55	0
2296	250	150	54.55	0
2297	225	150	54.55	0
2298	300	125	54.55	0
2299	275	125	54.55	0
2300	250	125	54.55	0
2301	225	125	54.55	0
2302	400	200	54.55	0
2303	375	200	54.55	0
2304	350	200	54.55	0
2305	325	200	54.55	0
2306	400	175	54.55	0
2307	375	175	54.55	0
2308	350	175	54.55	0
2309	325	175	54.55	0
2310	400	150	54.55	0
2311	375	150	54.55	0
2312	350	150	54.55	0
2313	325	150	54.55	0
2314	400	125	54.55	0
2315	375	125	54.55	0
2316	350	125	54.55	0
2317	325	125	54.55	0
2318	100	300	54.55	0
2319	75	300	54.55	0
2320	50	300	54.55	0
2321	25	300	54.55	0
2322	0	300	54.55	0
2323	100	275	54.55	0
2324	75	275	54.55	0
2325	50	275	54.55	0
2326	25	275	54.55	0
2327	0	275	54.55	0
2328	100	250	54.55	0
2329	75	250	54.55	0
2330	50	250	54.55	0
2331	25	250	54.55	0
2332	0	250	54.55	0
2333	100	225	54.55	0
2334	75	225	54.55	0
2335	50	225	54.55	0
2336	25	225	54.55	0
2337	0	225	54.55	0
2338	200	300	54.55	0
2339	175	300	54.55	0
2340	150	300	54.55	0
2341	125	300	54.55	0
2342	200	275	54.55	0
2343	175	275	54.55	0
2344	150	275	54.55	0
2345	125	275	54.55	0
2346	200	250	54.55	0
2347	175	250	54.55	0
2348	150	250	54.55	0
2349	125	250	54.55	0
2350	200	225	54.55	0
2351	175	225	54.55	0
2352	150	225	54.55	0
2353	125	225	54.55	0
2354	300	300	54.55	0
2355	275	300	54.55	0
2356	250	300	54.55	0
2357	225	300	54.55	0
2358	300	275	54.55	0
2359	275	275	54.55	0
2360	250	275	54.55	0
2361	225	275	54.55	0
2362	300	250	54.55	0
2363	275	250	54.55	0
2364	250	250	54.55	0
2365	225	250	54.55	0
2366	300	225	54.55	0
2367	275	225	54.55	0
2368	250	225	54.55	0
2369	225	225	54.55	0
2370	400	300	54.55	0
2371	375	300	54.55	0
2372	350	300	54.55	0
2373	325	300	54.55	0
2374	400	275	54.55	0
2375	375	275	54.55	0
2376	350	275	54.55	0
2377	325	275	54.55	0
2378	400	250	54.55	0
2379	375	250	54.55	0
2380	350	250	54.55	0
2381	325	250	54.55	0
2382	400	225	54.55	0
2383	375	225	54.55	0
2384	350	225	54.55	0
2385	325	225	54.55	0
2386	100	400	54.55	0
2387	75	400	54.55	0
2388	50	400	54.55	0
2389	25	400	54.55	0
2390	0	400	54.55	0
2391	100	375	54.55	0
2392	75	375	54.55	0
2393	50	375	54.55	0
2394	25	375	54.55	0
2395	0	375	54.55	0
2396	100	350	54.55	0
2397	75	350	54.55	0
2398	50	350	54.55	0
2399	25	350	54.55	0
2400	0	350	54.55	0
2401	100	325	54.55	0
2402	75	325	54.55	0
2403	50	325	54.55	0
2404	25	325	54.55	0
2405	0	325	54.55	0
2406	200	400	54.55	0
2407	175	400	54.55	0
2408	150	400	54.55	0
2409	125	400	54.55	0
2410	200	375	54.55	0
2411	175	375	54.55	0
2412	150	375	54.55	0
2413	125	375	54.55	0
2414	200	350	54.55	0
2415	175	350	54.55	0
2416	150	350	54.55	0
2417	125	350	54.55	0
2418	200	325	54.55	0
2419	175	325	54.55	0
2420	150	325	54.55	0
2421	125	325	54.55	0
2422	300	400	54.55	0
2423	275	400	54.55	0
2424	250	400	54.55	0
2425	225	400	54.55	0
2426	300	375	54.55	0
2427	275	375	54.55	0
2428	250	375	54.55	0
2429	225	375	54.55	0
2430	300	350	54.55	0
2431	275	350	54.55	0
2432	250	350	54.55	0
2433	225	350	54.55	0
2434	300	325	54.55	0
2435	275	325	54.55	0
2436	250	325	54.55	0
2437	225	325	54.55	0
2438	400	400	54.55	0
2439	375	400	54.55	0
2440	350	400	54.55	0
2441	325	400	54.55	0
2442	400	375	54.55	0
2443	375	375	54.55	0
2444	350	375	54.55	0
2445	325	375	54.55	0
2446	400	350	54.55	0
2447	375	350	54.55	0
2448	350	350	54.55	0
2449	325	350	54.55	0
2450	400	325	54.55	0
2451	375	325	54.55	0
2452	350	325	54.55	0
2453	325	325	54.55	0
2454	100	100	56.78	0
2455	75	100	56.78	0
2456	50	100	56.78	0
2457	25	100	56.78	0
2458	0	100	56.78	0
2459	100	75	56.78	0
2460	75	75	56.78	0
2461	50	75	56.78	0
2462	25	75	56.78	0
2463	0	75	56.78	0
2464	100	50	56.78	0
2465	75	50	56.78	0
2466	50	50	56.78	0
2467	25	50	56.78	0
2468	0	50	56.78	0
2469	100	25	56.78	0
2470	75	25	56.78	0
2471	50	25	56.78	0
2472	25	25	56.78	0
2473	0	25	56.78	0
2474	100	0	56.78	0
2475	75	0	56.78	0
2476	50	0	56.78	0
2477	25	0	56.78	0
2478	0	0	56.78	0
2479	200	100	56.78	0
2480	175	100	56.78	0
2481	150	100	56.78	0
2482	125	100	56.78	0
2483	200	75	56.78	0
2484	175	75	56.78	0
2485	150	75	56.78	0
2486	125	75	56.78	0
2487	200	50	56.78	0
2488	175	50	56.78	0
2489	150	50	56.78	0
2490	125	50	56.78	0
2491	200	25	56.78	0
2492	175	25	56.78	0
2493	150	25	56.78	0
2494	125	25	56.78	0
2495	200	0	56.78	0
2496	175	0	56.78	0
2497	150	0	56.78	0
2498	125	0	56.78	0
2499	300	100	56.78	0
2500	275	100	56.78	0
2501	250	100	56.78	0
2502	225	100	56.78	0
2503	300	75	56.78	0
2504	275	75	56.78	0
2505	250	75	56.78	0
2506	225	75	56.78	0
2507	300	50	56.78	0
2508	275	50	56.78	0
2509	250	50	56.78	0
2510	225	50	56.78	0
2511	300	25	56.78	0
2512	275	25	56.78	0
2513	250	25	56.78	0
2514	225	25	56.78	0
2515	300	0	56.78	0
2516	275	0	56.78	0
2517	250	0	56.78	0
2518	225	0	56.78	0
2519	400	100	56.78	0
2520	375	100	56.78	0
2521	350	100	56.78	0
2522	325	100	56.78	0
2523	400	75	56.78	0
2524	375	75	56.78	0
2525	350	75	56.78	0
2526	325	75	56.78	0
2527	400	50	56.78	0
2528	375	50	56.78	0
2529	350	50	56.78	0
2530	325	50	56.78	0
2531	400	25	56.78	0
2532	375	25	56.78	0
2533	350	25	56.78	0
2534	325	25	56.78	0
2535	400	0	56.78	0
2536	375	0	56.78	0
2537	350	0	56.78	0
2538	325	0	56.78	0
2539	100	200	56.78	0
2540	75	200	56.78	0
2541	50	200	56.78	0
2542	25	200	56.78	0
2543	0	200	56.78	0
2544	100	175	56.78	0
2545	75	175	56.78	0
2546	50	175	56.78	0
2547	25	175	56.78	0
2548	0	175	56.78	0
2549	100	150	56.78	0
2550	75	150	56.78	0
2551	50	150	56.78	0
2552	25	150	56.78	0
2553	0	150	56.78	0
2554	100	125	56.78	0
2555	75	125	56.78	0
2556	50	125	56.78	0
2557	25	125	56.78	0
2558	0	125	56.78	0
2559	200	200	56.78	0
2560	175	200	56.78	0
2561	150	200	56.78	0
2562	125	200	56.78	0
2563	200	175	56.78	0
2564	175	175	56.78	0
2565	150	175	56.78	0
2566	125	175	56.78	0
2567	200	150	56.78	0
2568	175	150	56.78	0
2569	150	150	56.78	0
2570	125	150	56.78	0
2571	200	125	56.78	0
2572	175	125	56.78	0
2573	150	125	56.78	0
2574	125	125	56.78	0
2575	300	200	56.78	0
2576	275	200	56.78	0
2577	250	200	56.78	0
2578	225	200	56.78	0
2579	300	175	56.78	0
2580	275	175	56.78	0
2581	250	175	56.78	0
2582	225	175	56.78	0
2583	300	150	56.78	0
2584	275	150	56.78	0
2585	250	150	56.78	0
2586	225	150	56.78	0
2587	300	125	56.78	0
2588	275	125	56.78	0
2589	250	125	56.78	0
2590	225	125	56.78	0
2591	400	200	56.78	0
2592	375	200	56.78	0
2593	350	200	56.78	0
2594	325	200	56.78	0
2595	400	175	56.78	0
2596	375	175	56.78	0
2597	350	175	56.78	0
2598	325	175	56.78	0
2599	400	150	56.78	0
2600	375	150	56.78	0
2601	350	150	56.78	0
2602	325	150	56.78	0
2603	400	125	56.78	0
2604	375	125	56.78	0
2605	350	125	56.78	0
2606	325	125	56.78	0
2607	100	300	56.78	0
2608	75	300	56.78	0
2609	50	300	56.78	0
2610	25	300	56.78	0
2611	0	300	56.78	0
2612	100	275	56.78	0
2613	75	275	56.78	0
2614	50	275	56.78	0
2615	25	275	56.78	0
2616	0	275	56.78	0
2617	100	250	56.78	0
2618	75	250	56.78	0
2619	50	250	56.78	0
2620	25	250	56.78	0
2621	0	250	56.78	0
2622	100	225	56.78	0
2623	75	225	56.78	0
2624	50	225	56.78	0
2625	25	225	56.78	0
2626	0	225	56.78	0
2627	200	300	56.78	0
2628	175	300	56.78	0
2629	150	300	56.78	0
2630	125	300	56.78	0
2631	200	275	56.78	0
2632	175	275	56.78	0
2633	150	275	56.78	0
2634	125	275	56.78	0
2635	200	250	56.78	0
2636	175	250	56.78	0
2637	150	250	56.78	0
2638	125	250	56.78	0
2639	200	225	56.78	0
2640	175	225	56.78	0
2641	150	225	56.78	0
2642	125	225	56.78	0
2643	300	300	56.78	0
2644	275	300	56.78	0
2645	250	300	56.78	0
2646	225	300	56.78	0
2647	300	275	56.78	0
2648	275	275	56.78	0
2649	250	275	56.78	0
2650	225	275	56.78	0
2651	300	250	56.78	0
2652	275	250	56.78	0
2653	250	250	56.78	0
2654	225	250	56.78	0
2655	300	225	56.78	0
2656	275	225	56.78	0
2657	250	225	56.78	0
2658	225	225	56.78	0
2659	400	300	56.78	0
2660	375	300	56.78	0
2661	350	300	56.78	0
2662	325	300	56.78	0
2663	400	275	56.78	0
2664	375	275	56.78	0
2665	350	275	56.78	0
2666	325	275	56.78	0
2667	400	250	56.78	0
2668	375	250	56.78	0
2669	350	250	56.78	0
2670	325	250	56.78	0
2671	400	225	56.78	0
2672	375	225	56.78	0
2673	350	225	56.78	0
2674	325	225	56.78	0
2675	100	400	56.78	0
2676	75	400	56.78	0
2677	50	400	56.78	0
2678	25	400	56.78	0
2679	0	400	56.78	0
2680	100	375	56.78	0
2681	75	375	56.78	0
2682	50	375	56.78	0
2683	25	375	56.78	0
2684	0	375	56.78	0
2685	100	350	56.78	0
2686	75	350	56.78	0
2687	50	350	56.78	0
2688	25	350	56.78	0
2689	0	350	56.78	0
2690	100	325	56.78	0
2691	75	325	56.78	0
2692	50	325	56.78	0
2693	25	325	56.78	0
2694	0	325	56.78	0
2695	200	400	56.78	0
2696	175	400	56.78	0
2697	150	400	56.78	0
2698	125	400	56.78	0
2699	200	375	56.78	0
2700	175	375	56.78	0
2701	150	375	56.78	0
2702	125	375	56.78	0
2703	200	350	56.78	0
2704	175	350	56.78	0
2705	150	350	56.78	0
2706	125	350	56.78	0
2707	200	325	56.78	0
2708	175	325	56.78	0
2709	150	325	56.78	0
2710	125	325	56.78	0
2711	300	400	56.78	0
2712	275	400	56.78	0
2713	250	400	56.78	0
2714	225	400	56.78	0
2715	300	375	56.78	0
2716	275	375	56.78	0
2717	250	375	56.78	0
2718	225	375	56.78	0
2719	300	350	56.78	0
2720	275	350	56.78	0
2721	250	350	56.78	0
2722	225	350	56.78	0
2723	300	325	56.78	0
2724	275	325	56.78	0
2725	250	325	56.78	0
2726	225	325	56.78	0
2727	400	400	56.78	0
2728	375	400	56.78	0
2729	350	400	56.78	0
2730	325	400	56.78	0
2731	400	375	56.78	0
2732	375	375	56.78	0
2733	350	375	56.78	0
2734	325	375	56.78	0
2735	400	350	56.78	0
2736	375	350	56.78	0
2737	350	350	56.78	0
2738	325	350	56.78	0
2739	400	325	56.78	0
2740	375	325	56.78	0
2741	350	325	56.78	0
2742	325	325	56.78	0
2743	100	100	61.56	0
2744	75	100	61.56	0
2745	50	100	61.56	0
2746	25	100	61.56	0
2747	0	100	61.56	0
2748	100	75	61.56	0
2749	75	75	61.56	0
2750	50	75	61.56	0
2751	25	75	61.56	0
2752	0	75	61.56	0
2753	100	50	61.56	0
2754	75	50	61.56	0
2755	50	50	61.56	0
2756	25	50	61.56	0
2757	0	50	61.56	0
2758	100	25	61.56	0
2759	75	25	61.56	0
2760	50	25	61.56	0
2761	25	25	61.56	0
2762	0	25	61.56	0
2763	100	0	61.56	0
2764	75	0	61.56	0
2765	50	0	61.56	0
2766	25	0	61.56	0
2767	0	0	61.56	0
2768	200	100	61.56	0
2769	175	100	61.56	0
2770	150	100	61.56	0
2771	125	100	61.56	0
2772	200	75	61.56	0
2773	175	75	61.56	0
2774	150	75	61.56	0
2775	125	75	61.56	0
2776	200	50	61.56	0
2777	175	50	61.56	0
2778	150	50	61.56	0
2779	125	50	61.56	0
2780	200	25	61.56	0
2781	175	25	61.56	0
2782	150	25	61.56	0
2783	125	25	61.56	0
2784	200	0	61.56	0
2785	175	0	61.56	0
2786	150	0	61.56	0
2787	125	0	61.56	0
2788	300	100	61.56	0
2789	275	100	61.56	0
2790	250	100	61.56	0
2791	225	100	61.56	0
2792	300	75	61.56	0
2793	275	75	61.56	0
2794	250	75	61.56	0
2795	225	75	61.56	0
2796	300	50	61.56	0
2797	275	50	61.56	0
2798	250	50	61.56	0
2799	225	50	61.56	0
2800	300	25	61.56	0
2801	275	25	61.56	0
2802	250	25	61.56	0
2803	225	25	61.56	0
2804	300	0	61.56	0
2805	275	0	61.56	0
2806	250	0	61.56	0
2807	225	0	61.56	0
2808	400	100	61.56	0
2809	375	100	61.56	0
2810	350	100	61.56	0
2811	325	100	61.56	0
2812	400	75	61.56	0
2813	375	75	61.56	0
2814	350	75	61.56	0
2815	325	75	61.56	0
2816	400	50	61.56	0
2817	375	50	61.56	0
2818	350	50	61.56	0
2819	325	50	61.56	0
2820	400	25	61.56	0
2821	375	25	61.56	0
2822	350	25	61.56	0
2823	325	25	61.56	0
2824	400	0	61.56	0
2825	375	0	61.56	0
2826	350	0	61.56	0
2827	325	0	61.56	0
2828	100	200	61.56	0
2829	75	200	61.56	0
2830	50	200	61.56	0
2831	25	200	61.56	0
2832	0	200	61.56	0
2833	100	175	61.56	0
2834	75	175	61.56	0
2835	50	175	61.56	0
2836	25	175	61.56	0
2837	0	175	61.56	0
2838	100	150	61.56	0
2839	75	150	61.56	0
2840	50	150	61.56	0
2841	25	150	61.56	0
2842	0	150	61.56	0
2843	100	125	61.56	0
2844	75	125	61.56	0
2845	50	125	61.56	0
2846	25	125	61.56	0
2847	0	125	61.56	0
2848	200	200	61.56	0
2849	175	200	61.56	0
2850	150	200	61.56	0
2851	125	200	61.56	0
2852	200	175	61.56	0
2853	175	175	61.56	0
2854	150	175	61.56	0
2855	125	175	61.56	0
2856	200	150	61.56	0
2857	175	150	61.56	0
2858	150	150	61.56	0
2859	125	150	61.56	0
2860	200	125	61.56	0
2861	175	125	61.56	0
2862	150	125	61.56	0
2863	125	125	61.56	0
2864	300	200	61.56	0
2865	275	200	61.56	0
2866	250	200	61.56	0
2867	225	200	61.56	0
2868	300	175	61.56	0
2869	275	175	61.56	0
2870	250	175	61.56	0
2871	225	175	61.56	0
2872	300	150	61.56	0
2873	275	150	61.56	0
2874	250	150	61.56	0
2875	225	150	61.56	0
2876	300	125	61.56	0
2877	275	125	61.56	0
2878	250	125	61.56	0
2879	225	125	61.56	0
2880	400	200	61.56	0
2881	375	200	61.56	0
2882	350	200	61.56	0
2883	325	200	61.56	0
2884	400	175	61.56	0
2885	375	175	61.56	0
2886	350	175	61.56	0
2887	325	175	61.56	0
2888	400	150	61.56	0
2889	375	150	61.56	0
2890	350	150	61.56	0
2891	325	150	61.56	0
2892	400	125	61.56	0
2893	375	125	61.56	0
2894	350	125	61.56	0
2895	325	125	61.56	0
2896	100	300	61.56	0
2897	75	300	61.56	0
2898	50	300	61.56	0
2899	25	300	61.56	0
2900	0	300	61.56	0
2901	100	275	61.56	0
2902	75	275	61.56	0
2903	50	275	61.56	0
2904	25	275	61.56	0
2905	0	275	61.56	0
2906	100	250	61.56	0
2907	75	250	61.56	0
2908	50	250	61.56	0
2909	25	250	61.56	0
2910	0	250	61.56	0
2911	100	225	61.56	0
2912	75	225	61.56	0
2913	50	225	61.56	0
2914	25	225	61.56	0
2915	0	225	61.56	0
2916	200	300	61.56	0
2917	175	300	61.56	0
2918	150	300	61.56	0
2919	125	300	61.56	0
2920	200	275	61.56	0
2921	175	275	61.56	0
2922	150	275	61.56	0
2923	125	275	61.56	0
2924	200	250	61.56	0
2925	175	250	61.56	0
2926	150	250	61.56	0
2927	125	250	61.56	0
2928	200	225	61.56	0
2929	175	225	61.56	0
2930	150	225	61.56	0
2931	125	225	61.56	0
2932	300	300	61.56	0
2933	275	300	61.56	0
2934	250	300	61.56	0
2935	225	300	61.56	0
2936	300	275	61.56	0
2937	275	275	61.56	0
2938	250	275	61.56	0
2939	225	275	61.56	0
2940	300	250	61.56	0
2941	275	250	61.56	0
2942	250	250	61.56	0
2943	225	250	61.56	0
2944	300	225	61.56	0
2945	275	225	61.56	0
2946	250	225	61.56	0
2947	225	225	61.56	0
2948	400	300	61.56	0
2949	375	300	61.56	0
2950	350	300	61.56	0
2951	325	300	61.56	0
2952	400	275	61.56	0
2953	375	275	61.56	0
2954	350	275	61.56	0
2955	325	275	61.56	0
2956	400	250	61.56	0
2957	375	250	61.56	0
2958	350	250	61.56	0
2959	325	250	61.56	0
2960	400	225	61.56	0
2961	375	225	61.56	0
2962	350	225	61.56	0
2963	325	225	61.56	0
2964	100	400	61.56	0
2965	75	400	61.56	0
2966	50	400	61.56	0
2967	25	400	61.56	0
2968	0	400	61.56	0
2969	100	375	61.56	0
2970	75	375	61.56	0
2971	50	375	61.56	0
2972	25	375	61.56	0
2973	0	375	61.56	0
2974	100	350	61.56	0
2975	75	350	61.56	0
2976	50	350	61.56	0
2977	25	350	61.56	0
2978	0	350	61.56	0
2979	100	325	61.56	0
2980	75	325	61.56	0
2981	50	325	61.56	0
2982	25	325	61.56	0
2983	0	325	61.56	0
2984	200	400	61.56	0
2985	175	400	61.56	0
2986	150	400	61.56	0
2987	125	400	61.56	0
2988	200	375	61.56	0
2989	175	375	61.56	0
2990	150	375	61.56	0
2991	125	375	61.56	0
2992	200	350	61.56	0
2993	175	350	61.56	0
2994	150	350	61.56	0
2995	125	350	61.56	0
2996	200	325	61.56	0
2997	175	325	61.56	0
2998	150	325	61.56	0
2999	125	325	61.56	0
3000	300	400	61.56	0
3001	275	400	61.56	0
3002	250	400	61.56	0
3003	225	400	61.56	0
3004	300	375	61.56	0
3005	275	375	61.56	0
3006	250	375	61.56	0
3007	225	375	61.56	0
3008	300	350	61.56	0
3009	275	350	61.56	0
3010	250	350	61.56	0
3011	225	350	61.56	0
3012	300	325	61.56	0
3013	275	325	61.56	0
3014	250	325	61.56	0
3015	225	325	61.56	0
3016	400	400	61.56	0
3017	375	400	61.56	0
3018	350	400	61.56	0
3019	325	400	61.56	0
3020	400	375	61.56	0
3021	375	375	61.56	0
3022	350	375	61.56	0
3023	325	375	61.56	0
3024	400	350	61.56	0
3025	375	350	61.56	0
3026	350	350	61.56	0
3027	325	350	61.56	0
3028	400	325	61.56	0
3029	375	325	61.56	0
3030	350	325	61.56	0
3031	325	325	61.56	0
3032	100	100	64.15	0
3033	75	100	64.15	0
3034	50	100	64.15	0
3035	25	100	64.15	0
3036	0	100	64.15	0
3037	100	75	64.15	0
3038	75	75	64.15	0
3039	50	75	64.15	0
3040	25	75	64.15	0
3041	0	75	64.15	0
3042	100	50	64.15	0
3043	75	50	64.15	0
3044	50	50	64.15	0
3045	25	50	64.15	0
3046	0	50	64.15	0
3047	100	25	64.15	0
3048	75	25	64.15	0
3049	50	25	64.15	0
3050	25	25	64.15	0
3051	0	25	64.15	0
3052	100	0	64.15	0
3053	75	0	64.15	0
3054	50	0	64.15	0
3055	25	0	64.15	0
3056	0	0	64.15	0
3057	200	100	64.15	0
3058	175	100	64.15	0
3059	150	100	64.15	0
3060	125	100	64.15	0
3061	200	75	64.15	0
3062	175	75	64.15	0
3063	150	75	64.15	0
3064	125	75	64.15	0
3065	200	50	64.15	0
3066	175	50	64.15	0
3067	150	50	64.15	0
3068	125	50	64.15	0
3069	200	25	64.15	0
3070	175	25	64.15	0
3071	150	25	64.15	0
3072	125	25	64.15	0
3073	200	0	64.15	0
3074	175	0	64.15	0
3075	150	0	64.15	0
3076	125	0	64.15	0
3077	300	100	64.15	0
3078	275	100	64.15	0
3079	250	100	64.15	0
3080	225	100	64.15	0
3081	300	75	64.15	0
3082	275	75	64.15	0
3083	250	75	64.15	0
3084	225	75	64.15	0
3085	300	50	64.15	0
3086	275	50	64.15	0
3087	250	50	64.15	0
3088	225	50	64.15	0
3089	300	25	64.15	0
3090	275	25	64.15	0
3091	250	25	64.15	0
3092	225	25	64.15	0
3093	300	0	64.15	0
3094	275	0	64.15	0
3095	250	0	64.15	0
3096	225	0	64.15	0
3097	400	100	64.15	0
3098	375	100	64.15	0
3099	350	100	64.15	0
3100	325	100	64.15	0
3101	400	75	64.15	0
3102	375	75	64.15	0
3103	350	75	64.15	0
3104	325	75	64.15	0
3105	400	50	64.15	0
3106	375	50	64.15	0
3107	350	50	64.15	0
3108	325	50	64.15	0
3109	400	25	64.15	0
3110	375	25	64.15	0
3111	350	25	64.15	0
3112	325	25	64.15	0
3113	400	0	64.15	0
3114	375	0	64.15	0
3115	350	0	64.15	0
3116	325	0	64.15	0
3117	100	200	64.15	0
3118	75	200	64.15	0
3119	50	200	64.15	0
3120	25	200	64.15	0
3121	0	200	64.15	0
3122	100	175	64.15	0
3123	75	175	64.15	0
3124	50	175	64.15	0
3125	25	175	64.15	0
3126	0	175	64.15	0
3127	100	150	64.15	0
3128	75	150	64.15	0
3129	50	150	64.15	0
3130	25	150	64.15	0
3131	0	150	64.15	0
3132	100	125	64.15	0
3133	75	125	64.15	0
3134	50	125	64.15	0
3135	25	125	64.15	0
3136	0	125	64.15	0
3137	200	200	64.15	0
3138	175	200	64.15	0
3139	150	200	64.15	0
3140	125	200	64.15	0
3141	200	175	64.15	0
3142	175	175	64.15	0
3143	150	175	64.15	0
3144	125	175	64.15	0
3145	200	150	64.15	0
3146	175	150	64.15	0
3147	150	150	64.15	0
3148	125	150	64.15	0
3149	200	125	64.15	0
3150	175	125	64.15	0
3151	150	125	64.15	0
3152	125	125	64.15	0
3153	300	200	64.15	0
3154	275	200	64.15	0
3155	250	200	64.15	0
3156	225	200	64.15	0
3157	300	175	64.15	0
3158	275	175	64.15	0
3159	250	175	64.15	0
3160	225	175	64.15	0
3161	300	150	64.15	0
3162	275	150	64.15	0
3163	250	150	64.15	0
3164	225	150	64.15	0
3165	300	125	64.15	0
3166	275	125	64.15	0
3167	250	125	64.15	0
3168	225	125	64.15	0
3169	400	200	64.15	0
3170	375	200	64.15	0
3171	350	200	64.15	0
3172	325	200	64.15	0
3173	400	175	64.15	0
3174	375	175	64.15	0
3175	350	175	64.15	0
3176	325	175	64.15	0
3177	400	150	64.15	0
3178	375	150	64.15	0
3179	350	150	64.15	0
3180	325	150	64.15	0
3181	400	125	64.15	0
3182	375	125	64.15	0
3183	350	125	64.15	0
3184	325	125	64.15	0
3185	100	300	64.15	0
3186	75	300	64.15	0
3187	50	300	64.15	0
3188	25	300	64.15	0
3189	0	300	64.15	0
3190	100	275	64.15	0
3191	75	275	64.15	0
3192	50	275	64.15	0
3193	25	275	64.15	0
3194	0	275	64.15	0
3195	100	250	64.15	0
3196	75	250	64.15	0
3197	50	250	64.15	0
3198	25	250	64.15	0
3199	0	250	64.15	0
3200	100	225	64.15	0
3201	75	225	64.15	0
3202	50	225	64.15	0
3203	25	225	64.15	0
3204	0	225	64.15	0
3205	200	300	64.15	0
3206	175	300	64.15	0
3207	150	300	64.15	0
3208	125	300	64.15	0
3209	200	275	64.15	0
3210	175	275	64.15	0
3211	150	275	64.15	0
3212	125	275	64.15	0
3213	200	250	64.15	0
3214	175	250	64.15	0
3215	150	250	64.15	0
3216	125	250	64.15	0
3217	200	225	64.15	0
3218	175	225	64.15	0
3219	150	225	64.15	0
3220	125	225	64.15	0
3221	300	300	64.15	0
3222	275	300	64.15	0
3223	250	300	64.15	0
3224	225	300	64.15	0
3225	300	275	64.15	0
3226	275	275	64.15	0
3227	250	275	64.15	0
3228	225	275	64.15	0
3229	300	250	64.15	0
3230	275	250	64.15	0
3231	250	250	64.15	0
3232	225	250	64.15	0
3233	300	225	64.15	0
3234	275	225	64.15	0
3235	250	225	64.15	0
3236	225	225	64.15	0
3237	400	300	64.15	0
3238	375	300	64.15	0
3239	350	300	64.15	0
3240	325	300	64.15	0
3241	400	275	64.15	0
3242	375	275	64.15	0
3243	350	275	64.15	0
3244	325	275	64.15	0
3245	400	250	64.15	0
3246	375	250	64.15	0
3247	350	250	64.15	0
3248	325	250	64.15	0
3249	400	225	64.15	0
3250	375	225	64.15	0
3251	350	225	64.15	0
3252	325	225	64.15	0
3253	100	400	64.15	0
3254	75	400	64.15	0
3255	50	400	64.15	0
3256	25	400	64.15	0
3257	0	400	64.15	0
3258	100	375	64.15	0
3259	75	375	64.15	0
3260	50	375	64.15	0
3261	25	375	64.15	0
3262	0	375	64.15	0
3263	100	350	64.15	0
3264	75	350	64.15	0
3265	50	350	64.15	0
3266	25	350	64.15	0
3267	0	350	64.15	0
3268	100	325	64.15	0
3269	75	325	64.15	0
3270	50	325	64.15	0
3271	25	325	64.15	0
3272	0	325	64.15	0
3273	200	400	64.15	0
3274	175	400	64.15	0
3275	150	400	64.15	0
3276	125	400	64.15	0
3277	200	375	64.15	0
3278	175	375	64.15	0
3279	150	375	64.15	0
3280	125	375	64.15	0
3281	200	350	64.15	0
3282	175	350	64.15	0
3283	150	350	64.15	0
3284	125	350	64.15	0
3285	200	325	64.15	0
3286	175	325	64.15	0
3287	150	325	64.15	0
3288	125	325	64.15	0
3289	300	400	64.15	0
3290	275	400	64.15	0
3291	250	400	64.15	0
3292	225	400	64.15	0
3293	300	375	64.15	0
3294	275	375	64.15	0
3295	250	375	64.15	0
3296	225	375	64.15	0
3297	300	350	64.15	0
3298	275	350	64.15	0
3299	250	350	64.15	0
3300	225	350	64.15	0
3301	300	325	64.15	0
3302	275	325	64.15	0
3303	250	325	64.15	0
3304	225	325	64.15	0
3305	400	400	64.15	0
3306	375	400	64.15	0
3307	350	400	64.15	0
3308	325	400	64.15	0
3309	400	375	64.15	0
3310	375	375	64.15	0
3311	350	375	64.15	0
3312	325	375	64.15	0
3313	400	350	64.15	0
3314	375	350	64.15	0
3315	350	350	64.15	0
3316	325	350	64.15	0
3317	400	325	64.15	0
3318	375	325	64.15	0
3319	350	325	64.15	0
3320	325	325	64.15	0
3321	100	100	80	0
3322	75	100	80	0
3323	50	100	80	0
3324	25	100	80	0
3325	0	100	80	0
3326	100	75	80	0
3327	75	75	80	0
3328	50	75	80	0
3329	25	75	80	0
3330	0	75	80	0
3331	100	50	80	0
3332	75	50	80	0
3333	50	50	80	0
3334	25	50	80	0
3335	0	50	80	0
3336	100	25	80	0
3337	75	25	80	0
3338	50	25	80	0
3339	25	25	80	0
3340	0	25	80	0
3341	100	0	80	0
3342	75	0	80	0
3343	50	0	80	0
3344	25	0	80	0
3345	0	0	80	0
3346	200	100	80	0
3347	175	100	80	0
3348	150	100	80	0
3349	125	100	80	0
3350	200	75	80	0
3351	175	75	80	0
3352	150	75	80	0
3353	125	75	80	0
3354	200	50	80	0
3355	175	50	80	0
3356	150	50	80	0
3357	125	50	80	0
3358	200	25	80	0
3359	175	25	80	0
3360	150	25	80	0
3361	125	25	80	0
3362	200	0	80	0
3363	175	0	80	0
3364	150	0	80	0
3365	125	0	80	0
3366	300	100	80	0
3367	275	100	80	0
3368	250	100	80	0
3369	225	100	80	0
3370	300	75	80	0
3371	275	75	80	0
3372	250	75	80	0
3373	225	75	80	0
3374	300	50	80	0
3375	275	50	80	0
3376	250	50	80	0
3377	225	50	80	0
3378	300	25	80	0
3379	275	25	80	0
3380	250	25	80	0
3381	225	25	80	0
3382	300	0	80	0
3383	275	0	80	0
3384	250	0	80	0
3385	225	0	80	0
3386	400	100	80	0
3387	375	100	80	0
3388	350	100	80	0
3389	325	100	80	0
3390	400	75	80	0
3391	375	75	80	0
3392	350	75	80	0
3393	325	75	80	0
3394	400	50	80	0
3395	375	50	80	0
3396	350	50	80	0
3397	325	50	80	0
3398	400	25	80	0
3399	375	25	80	0
3400	350	25	80	0
3401	325	25	80	0
3402	400	0	80	0
3403	375	0	80	0
3404	350	0	80	0
3405	325	0	80	0
3406	100	200	80	0
3407	75	200	80	0
3408	50	200	80	0
3409	25	200	80	0
3410	0	200	80	0
3411	100	175	80	0
3412	75	175	80	0
3413	50	175	80	0
3414	25	175	80	0
3415	0	175	80	0
3416	100	150	80	0
3417	75	150	80	0
3418	50	150	80	0
3419	25	150	80	0
3420	0	150	80	0
3421	100	125	80	0
3422	75	125	80	0
3423	50	125	80	0
3424	25	125	80	0
3425	0	125	80	0
3426	200	200	80	0
3427	175	200	80	0
3428	150	200	80	0
3429	125	200	80	0
3430	200	175	80	0
3431	175	175	80	0
3432	150	175	80	0
3433	125	175	80	0
3434	200	150	80	0
3435	175	150	80	0
3436	150	150	80	0
3437	125	150	80	0
3438	200	125	80	0
3439	175	125	80	0
3440	150	125	80	0
3441	125	125	80	0
3442	300	200	80	0
3443	275	200	80	0
3444	250	200	80	0
3445	225	200	80	0
3446	300	175	80	0
3447	275	175	80	0
3448	250	175	80	0
3449	225	175	80	0
3450	300	150	80	0
3451	275	150	80	0
3452	250	150	80	0
3453	225	150	80	0
3454	300	125	80	0
3455	275	125	80	0
3456	250	125	80	0
3457	225	125	80	0
3458	400	200	80	0
3459	375	200	80	0
3460	350	200	80	0
3461	325	200	80	0
3462	400	175	80	0
3463	375	175	80	0
3464	350	175	80	0
3465	325	175	80	0
3466	400	150	80	0
3467	375	150	80	0
3468	350	150	80	0
3469	325	150	80	0
3470	400	125	80	0
3471	375	125	80	0
3472	350	125	80	0
3473	325	125	80	0
3474	100	300	80	0
3475	75	300	80	0
3476	50	300	80	0
3477	25	300	80	0
3478	0	300	80	0
3479	100	275	80	0
3480	75	275	80	0
3481	50	275	80	0
3482	25	275	80	0
3483	0	275	80	0
3484	100	250	80	0
3485	75	250	80	0
3486	50	250	80	0
3487	25	250	80	0
3488	0	250	80	0
3489	100	225	80	0
3490	75	225	80	0
3491	50	225	80	0
3492	25	225	80	0
3493	0	225	80	0
3494	200	300	80	0
3495	175	300	80	0
3496	150	300	80	0
3497	125	300	80	0
3498	200	275	80	0
3499	175	275	80	0
3500	150	275	80	0
3501	125	275	80	0
3502	200	250	80	0
3503	175	250	80	0
3504	150	250	80	0
3505	125	250	80	0
3506	200	225	80	0
3507	175	225	80	0
3508	150	225	80	0
3509	125	225	80	0
3510	300	300	80	0
3511	275	300	80	0
3512	250	300	80	0
3513	225	300	80	0
3514	300	275	80	0
3515	275	275	80	0
3516	250	275	80	0
3517	225	275	80	0
3518	300	250	80	0
3519	275	250	80	0
3520	250	250	80	0
3521	225	250	80	0
3522	300	225	80	0
3523	275	225	80	0
3524	250	225	80	0
3525	225	225	80	0
3526	400	300	80	0
3527	375	300	80	0
3528	350	300	80	0
3529	325	300	80	0
3530	400	275	80	0
3531	375	275	80	0
3532	350	275	80	0
3533	325	275	80	0
3534	400	250	80	0
3535	375	250	80	0
3536	350	250	80	0
3537	325	250	80	0
3538	400	225	80	0
3539	375	225	80	0
3540	350	225	80	0
3541	325	225	80	0
3542	100	400	80	0
3543	75	400	80	0
3544	50	400	80	0
3545	25	400	80	0
3546	0	400	80	0
3547	100	375	80	0
3548	75	375	80	0
3549	50	375	80	0
3550	25	375	80	0
3551	0	375	80	0
3552	100	350	80	0
3553	75	350	80	0
3554	50	350	80	0
3555	25	350	80	0
3556	0	350	80	0
3557	100	325	80	0
3558	75	325	80	0
3559	50	325	80	0
3560	25	325	80	0
3561	0	325	80	0
3562	200	400	80	0
3563	175	400	80	0
3564	150	400	80	0
3565	125	400	80	0
3566	200	375	80	0
3567	175	375	80	0
3568	150	375	80	0
3569	125	375	80	0
3570	200	350	80	0
3571	175	350	80	0
3572	150	350	80	0
3573	125	350	80	0
3574	200	325	80	0
3575	175	325	80	0
3576	150	325	80	0
3577	125	325	80	0
3578	300	400	80	0
3579	275	400	80	0
3580	250	400	80	0
3581	225	400	80	0
3582	300	375	80	0
3583	275	375	80	0
3584	250	375	80	0
3585	225	375	80	0
3586	300	350	80	0
3587	275	350	80	0
3588	250	350	80	0
3589	225	350	80	0
3590	300	325	80	0
3591	275	325	80	0
3592	250	325	80	0
3593	225	325	80	0
3594	400	400	80	0
3595	375	400	80	0
3596	350	400	80	0
3597	325	400	80	0
3598	400	375	80	0
3599	375	375	80	0
3600	350	375	80	0
3601	325	375	80	0
3602	400	350	80	0
3603	375	350	80	0
3604	350	350	80	0
3605	325	350	80	0
3606	400	325	80	0
3607	375	325	80	0
3608	350	325	80	0
3609	325	325	80	0
