1	100	100	15	0
2	50	100	15	0
3	0	100	15	0
4	100	50	15	0
5	50	50	15	0
6	0	50	15	0
7	100	0	15	0
8	50	0	15	0
9	0	0	15	0
10	100	100	0	0
11	50	100	0	0
12	0	100	0	0
13	100	50	0	0
14	50	50	0	0
15	0	50	0	0
16	100	0	0	0
17	50	0	0	0
18	0	0	0	0
19	200	100	15	0
20	150	100	15	0
21	200	50	15	0
22	150	50	15	0
23	200	0	15	0
24	150	0	15	0
25	200	100	0	0
26	150	100	0	0
27	200	50	0	0
28	150	50	0	0
29	200	0	0	0
30	150	0	0	0
31	300	100	15	0
32	250	100	15	0
33	300	50	15	0
34	250	50	15	0
35	300	0	15	0
36	250	0	15	0
37	300	100	0	0
38	250	100	0	0
39	300	50	0	0
40	250	50	0	0
41	300	0	0	0
42	250	0	0	0
43	400	100	15	0
44	350	100	15	0
45	400	50	15	0
46	350	50	15	0
47	400	0	15	0
48	350	0	15	0
49	400	100	0	0
50	350	100	0	0
51	400	50	0	0
52	350	50	0	0
53	400	0	0	0
54	350	0	0	0
55	100	200	15	0
56	50	200	15	0
57	0	200	15	0
58	100	150	15	0
59	50	150	15	0
60	0	150	15	0
61	100	200	0	0
62	50	200	0	0
63	0	200	0	0
64	100	150	0	0
65	50	150	0	0
66	0	150	0	0
67	200	200	15	0
68	150	200	15	0
69	200	150	15	0
70	150	150	15	0
71	200	200	0	0
72	150	200	0	0
73	200	150	0	0
74	150	150	0	0
75	300	200	15	0
76	250	200	15	0
77	300	150	15	0
78	250	150	15	0
79	300	200	0	0
80	250	200	0	0
81	300	150	0	0
82	250	150	0	0
83	400	200	15	0
84	350	200	15	0
85	400	150	15	0
86	350	150	15	0
87	400	200	0	0
88	350	200	0	0
89	400	150	0	0
90	350	150	0	0
91	100	300	15	0
92	50	300	15	0
93	0	300	15	0
94	100	250	15	0
95	50	250	15	0
96	0	250	15	0
97	100	300	0	0
98	50	300	0	0
99	0	300	0	0
100	100	250	0	0
101	50	250	0	0
102	0	250	0	0
103	200	300	15	0
104	150	300	15	0
105	200	250	15	0
106	150	250	15	0
107	200	300	0	0
108	150	300	0	0
109	200	250	0	0
110	150	250	0	0
111	300	300	15	0
112	250	300	15	0
113	300	250	15	0
114	250	250	15	0
115	300	300	0	0
116	250	300	0	0
117	300	250	0	0
118	250	250	0	0
119	400	300	15	0
120	350	300	15	0
121	400	250	15	0
122	350	250	15	0
123	400	300	0	0
124	350	300	0	0
125	400	250	0	0
126	350	250	0	0
127	100	400	15	0
128	50	400	15	0
129	0	400	15	0
130	100	350	15	0
131	50	350	15	0
132	0	350	15	0
133	100	400	0	0
134	50	400	0	0
135	0	400	0	0
136	100	350	0	0
137	50	350	0	0
138	0	350	0	0
139	200	400	15	0
140	150	400	15	0
141	200	350	15	0
142	150	350	15	0
143	200	400	0	0
144	150	400	0	0
145	200	350	0	0
146	150	350	0	0
147	300	400	15	0
148	250	400	15	0
149	300	350	15	0
150	250	350	15	0
151	300	400	0	0
152	250	400	0	0
153	300	350	0	0
154	250	350	0	0
155	400	400	15	0
156	350	400	15	0
157	400	350	15	0
158	350	350	15	0
159	400	400	0	0
160	350	400	0	0
161	400	350	0	0
162	350	350	0	0
163	100	100	24.98	0
164	50	100	24.98	0
165	0	100	24.98	0
166	100	50	24.98	0
167	50	50	24.98	0
168	0	50	24.98	0
169	100	0	24.98	0
170	50	0	24.98	0
171	0	0	24.98	0
172	200	99.975	24.98	0
173	150	99.9875	24.98	0
174	200	49.9875	24.98	0
175	150	49.99375	24.98	0
176	200	0	24.98	0
177	150	0	24.98	0
178	300	100	24.98	0
179	250	99.9875	24.98	0
180	300	50	24.98	0
181	250	49.99375	24.98	0
182	300	0	24.98	0
183	250	0	24.98	0
184	400	100	24.98	0
185	350	100	24.98	0
186	400	50	24.98	0
187	350	50	24.98	0
188	400	0	24.98	0
189	350	0	24.98	0
190	100	200	24.98	0
191	50	200	24.98	0
192	0	200	24.98	0
193	100	150	24.98	0
194	50	150	24.98	0
195	0	150	24.98	0
196	200	199.975	24.98	0
197	150	199.9875	24.98	0
198	200	150	24.98	0
199	150	150	24.98	0
200	200	100.025	24.98	0
201	150	100.0125	24.98	0
202	300	200	24.98	0
203	250	199.9875	24.98	0
204	300	150	24.98	0
205	250	150	24.98	0
206	250	100.0125	24.98	0
207	400	200	24.98	0
208	350	200	24.98	0
209	400	150	24.98	0
210	350	150	24.98	0
211	100	300	24.98	0
212	50	300	24.98	0
213	0	300	24.98	0
214	100	250	24.98	0
215	50	250	24.98	0
216	0	250	24.98	0
217	200	299.975	24.98	0
218	150	299.9875	24.98	0
219	200	250	24.98	0
220	150	250	24.98	0
221	200	200.025	24.98	0
222	150	200.0125	24.98	0
223	300	300	24.98	0
224	250	299.9875	24.98	0
225	300	250	24.98	0
226	250	250	24.98	0
227	250	200.0125	24.98	0
228	400	300	24.98	0
229	350	300	24.98	0
230	400	250	24.98	0
231	350	250	24.98	0
232	100	400	24.98	0
233	50	400	24.98	0
234	0	400	24.98	0
235	100	350	24.98	0
236	50	350	24.98	0
237	0	350	24.98	0
238	200	400	24.98	0
239	150	400	24.98	0
240	200	350.0125	24.98	0
241	150	350.00625	24.98	0
242	200	300.025	24.98	0
243	150	300.0125	24.98	0
244	300	400	24.98	0
245	250	400	24.98	0
246	300	350	24.98	0
247	250	350.00625	24.98	0
248	250	300.0125	24.98	0
249	400	400	24.98	0
250	350	400	24.98	0
251	400	350	24.98	0
252	350	350	24.98	0
253	100	100	30.78	0
254	50	100	30.78	0
255	0	100	30.78	0
256	100	50	30.78	0
257	50	50	30.78	0
258	0	50	30.78	0
259	100	0	30.78	0
260	50	0	30.78	0
261	0	0	30.78	0
262	200	99.975	30.78	0
263	150	99.9875	30.78	0
264	200	49.9875	30.78	0
265	150	49.99375	30.78	0
266	200	0	30.78	0
267	150	0	30.78	0
268	300	100	30.78	0
269	250	99.9875	30.78	0
270	300	50	30.78	0
271	250	49.99375	30.78	0
272	300	0	30.78	0
273	250	0	30.78	0
274	400	100	30.78	0
275	350	100	30.78	0
276	400	50	30.78	0
277	350	50	30.78	0
278	400	0	30.78	0
279	350	0	30.78	0
280	100	200	30.78	0
281	50	200	30.78	0
282	0	200	30.78	0
283	100	150	30.78	0
284	50	150	30.78	0
285	0	150	30.78	0
286	200	199.975	30.78	0
287	150	199.9875	30.78	0
288	200	150	30.78	0
289	150	150	30.78	0
290	200	100.025	30.78	0
291	150	100.0125	30.78	0
292	300	200	30.78	0
293	250	199.9875	30.78	0
294	300	150	30.78	0
295	250	150	30.78	0
296	250	100.0125	30.78	0
297	400	200	30.78	0
298	350	200	30.78	0
299	400	150	30.78	0
300	350	150	30.78	0
301	100	300	30.78	0
302	50	300	30.78	0
303	0	300	30.78	0
304	100	250	30.78	0
305	50	250	30.78	0
306	0	250	30.78	0
307	200	299.975	30.78	0
308	150	299.9875	30.78	0
309	200	250	30.78	0
310	150	250	30.78	0
311	200	200.025	30.78	0
312	150	200.0125	30.78	0
313	300	300	30.78	0
314	250	299.9875	30.78	0
315	300	250	30.78	0
316	250	250	30.78	0
317	250	200.0125	30.78	0
318	400	300	30.78	0
319	350	300	30.78	0
320	400	250	30.78	0
321	350	250	30.78	0
322	100	400	30.78	0
323	50	400	30.78	0
324	0	400	30.78	0
325	100	350	30.78	0
326	50	350	30.78	0
327	0	350	30.78	0
328	200	400	30.78	0
329	150	400	30.78	0
330	200	350.0125	30.78	0
331	150	350.00625	30.78	0
332	200	300.025	30.78	0
333	150	300.0125	30.78	0
334	300	400	30.78	0
335	250	400	30.78	0
336	300	350	30.78	0
337	250	350.00625	30.78	0
338	250	300.0125	30.78	0
339	400	400	30.78	0
340	350	400	30.78	0
341	400	350	30.78	0
342	350	350	30.78	0
343	100	100	34.89	0
344	50	100	34.89	0
345	0	100	34.89	0
346	100	50	34.89	0
347	50	50	34.89	0
348	0	50	34.89	0
349	100	0	34.89	0
350	50	0	34.89	0
351	0	0	34.89	0
352	200	99.975	34.89	0
353	150	99.9875	34.89	0
354	200	49.9875	34.89	0
355	150	49.99375	34.89	0
356	200	0	34.89	0
357	150	0	34.89	0
358	300	100	34.89	0
359	250	99.9875	34.89	0
360	300	50	34.89	0
361	250	49.99375	34.89	0
362	300	0	34.89	0
363	250	0	34.89	0
364	400	100	34.89	0
365	350	100	34.89	0
366	400	50	34.89	0
367	350	50	34.89	0
368	400	0	34.89	0
369	350	0	34.89	0
370	100	200	34.89	0
371	50	200	34.89	0
372	0	200	34.89	0
373	100	150	34.89	0
374	50	150	34.89	0
375	0	150	34.89	0
376	200	199.975	34.89	0
377	150	199.9875	34.89	0
378	200	150	34.89	0
379	150	150	34.89	0
380	200	100.025	34.89	0
381	150	100.0125	34.89	0
382	300	200	34.89	0
383	250	199.9875	34.89	0
384	300	150	34.89	0
385	250	150	34.89	0
386	250	100.0125	34.89	0
387	400	200	34.89	0
388	350	200	34.89	0
389	400	150	34.89	0
390	350	150	34.89	0
391	100	300	34.89	0
392	50	300	34.89	0
393	0	300	34.89	0
394	100	250	34.89	0
395	50	250	34.89	0
396	0	250	34.89	0
397	200	299.975	34.89	0
398	150	299.9875	34.89	0
399	200	250	34.89	0
400	150	250	34.89	0
401	200	200.025	34.89	0
402	150	200.0125	34.89	0
403	300	300	34.89	0
404	250	299.9875	34.89	0
405	300	250	34.89	0
406	250	250	34.89	0
407	250	200.0125	34.89	0
408	400	300	34.89	0
409	350	300	34.89	0
410	400	250	34.89	0
411	350	250	34.89	0
412	100	400	34.89	0
413	50	400	34.89	0
414	0	400	34.89	0
415	100	350	34.89	0
416	50	350	34.89	0
417	0	350	34.89	0
418	200	400	34.89	0
419	150	400	34.89	0
420	200	350.0125	34.89	0
421	150	350.00625	34.89	0
422	200	300.025	34.89	0
423	150	300.0125	34.89	0
424	300	400	34.89	0
425	250	400	34.89	0
426	300	350	34.89	0
427	250	350.00625	34.89	0
428	250	300.0125	34.89	0
429	400	400	34.89	0
430	350	400	34.89	0
431	400	350	34.89	0
432	350	350	34.89	0
433	100	100	44.64	0
434	50	100	44.64	0
435	0	100	44.64	0
436	100	50	44.64	0
437	50	50	44.64	0
438	0	50	44.64	0
439	100	0	44.64	0
440	50	0	44.64	0
441	0	0	44.64	0
442	200	99.975	44.64	0
443	150	99.9875	44.64	0
444	200	49.9875	44.64	0
445	150	49.99375	44.64	0
446	200	0	44.64	0
447	150	0	44.64	0
448	300	100	44.64	0
449	250	99.9875	44.64	0
450	300	50	44.64	0
451	250	49.99375	44.64	0
452	300	0	44.64	0
453	250	0	44.64	0
454	400	100	44.64	0
455	350	100	44.64	0
456	400	50	44.64	0
457	350	50	44.64	0
458	400	0	44.64	0
459	350	0	44.64	0
460	100	200	44.64	0
461	50	200	44.64	0
462	0	200	44.64	0
463	100	150	44.64	0
464	50	150	44.64	0
465	0	150	44.64	0
466	200	199.975	44.64	0
467	150	199.9875	44.64	0
468	200	150	44.64	0
469	150	150	44.64	0
470	200	100.025	44.64	0
471	150	100.0125	44.64	0
472	300	200	44.64	0
473	250	199.9875	44.64	0
474	300	150	44.64	0
475	250	150	44.64	0
476	250	100.0125	44.64	0
477	400	200	44.64	0
478	350	200	44.64	0
479	400	150	44.64	0
480	350	150	44.64	0
481	100	300	44.64	0
482	50	300	44.64	0
483	0	300	44.64	0
484	100	250	44.64	0
485	50	250	44.64	0
486	0	250	44.64	0
487	200	299.975	44.64	0
488	150	299.9875	44.64	0
489	200	250	44.64	0
490	150	250	44.64	0
491	200	200.025	44.64	0
492	150	200.0125	44.64	0
493	300	300	44.64	0
494	250	299.9875	44.64	0
495	300	250	44.64	0
496	250	250	44.64	0
497	250	200.0125	44.64	0
498	400	300	44.64	0
499	350	300	44.64	0
500	400	250	44.64	0
501	350	250	44.64	0
502	100	400	44.64	0
503	50	400	44.64	0
504	0	400	44.64	0
505	100	350	44.64	0
506	50	350	44.64	0
507	0	350	44.64	0
508	200	400	44.64	0
509	150	400	44.64	0
510	200	350.0125	44.64	0
511	150	350.00625	44.64	0
512	200	300.025	44.64	0
513	150	300.0125	44.64	0
514	300	400	44.64	0
515	250	400	44.64	0
516	300	350	44.64	0
517	250	350.00625	44.64	0
518	250	300.0125	44.64	0
519	400	400	44.64	0
520	350	400	44.64	0
521	400	350	44.64	0
522	350	350	44.64	0
523	100	100	54.55	0
524	50	100	54.55	0
525	0	100	54.55	0
526	100	50	54.55	0
527	50	50	54.55	0
528	0	50	54.55	0
529	100	0	54.55	0
530	50	0	54.55	0
531	0	0	54.55	0
532	200	100	54.55	0
533	150	100	54.55	0
534	200	50	54.55	0
535	150	50	54.55	0
536	200	0	54.55	0
537	150	0	54.55	0
538	300	100	54.55	0
539	250	100	54.55	0
540	300	50	54.55	0
541	250	50	54.55	0
542	300	0	54.55	0
543	250	0	54.55	0
544	400	100	54.55	0
545	350	100	54.55	0
546	400	50	54.55	0
547	350	50	54.55	0
548	400	0	54.55	0
549	350	0	54.55	0
550	100	200	54.55	0
551	50	200	54.55	0
552	0	200	54.55	0
553	100	150	54.55	0
554	50	150	54.55	0
555	0	150	54.55	0
556	200	200	54.55	0
557	150	200	54.55	0
558	200	150	54.55	0
559	150	150	54.55	0
560	300	200	54.55	0
561	250	200	54.55	0
562	300	150	54.55	0
563	250	150	54.55	0
564	400	200	54.55	0
565	350	200	54.55	0
566	400	150	54.55	0
567	350	150	54.55	0
568	100	300	54.55	0
569	50	300	54.55	0
570	0	300	54.55	0
571	100	250	54.55	0
572	50	250	54.55	0
573	0	250	54.55	0
574	200	300	54.55	0
575	150	300	54.55	0
576	200	250	54.55	0
577	150	250	54.55	0
578	300	300	54.55	0
579	250	300	54.55	0
580	300	250	54.55	0
581	250	250	54.55	0
582	400	300	54.55	0
583	350	300	54.55	0
584	400	250	54.55	0
585	350	250	54.55	0
586	100	400	54.55	0
587	50	400	54.55	0
588	0	400	54.55	0
589	100	350	54.55	0
590	50	350	54.55	0
591	0	350	54.55	0
592	200	400	54.55	0
593	150	400	54.55	0
594	200	350	54.55	0
595	150	350	54.55	0
596	300	400	54.55	0
597	250	400	54.55	0
598	300	350	54.55	0
599	250	350	54.55	0
600	400	400	54.55	0
601	350	400	54.55	0
602	400	350	54.55	0
603	350	350	54.55	0
604	100	100	56.78	0
605	50	100	56.78	0
606	0	100	56.78	0
607	100	50	56.78	0
608	50	50	56.78	0
609	0	50	56.78	0
610	100	0	56.78	0
611	50	0	56.78	0
612	0	0	56.78	0
613	200	100	56.78	0
614	150	100	56.78	0
615	200	50	56.78	0
616	150	50	56.78	0
617	200	0	56.78	0
618	150	0	56.78	0
619	300	100	56.78	0
620	250	100	56.78	0
621	300	50	56.78	0
622	250	50	56.78	0
623	300	0	56.78	0
624	250	0	56.78	0
625	400	100	56.78	0
626	350	100	56.78	0
627	400	50	56.78	0
628	350	50	56.78	0
629	400	0	56.78	0
630	350	0	56.78	0
631	100	200	56.78	0
632	50	200	56.78	0
633	0	200	56.78	0
634	100	150	56.78	0
635	50	150	56.78	0
636	0	150	56.78	0
637	200	200	56.78	0
638	150	200	56.78	0
639	200	150	56.78	0
640	150	150	56.78	0
641	300	200	56.78	0
642	250	200	56.78	0
643	300	150	56.78	0
644	250	150	56.78	0
645	400	200	56.78	0
646	350	200	56.78	0
647	400	150	56.78	0
648	350	150	56.78	0
649	100	300	56.78	0
650	50	300	56.78	0
651	0	300	56.78	0
652	100	250	56.78	0
653	50	250	56.78	0
654	0	250	56.78	0
655	200	300	56.78	0
656	150	300	56.78	0
657	200	250	56.78	0
658	150	250	56.78	0
659	300	300	56.78	0
660	250	300	56.78	0
661	300	250	56.78	0
662	250	250	56.78	0
663	400	300	56.78	0
664	350	300	56.78	0
665	400	250	56.78	0
666	350	250	56.78	0
667	100	400	56.78	0
668	50	400	56.78	0
669	0	400	56.78	0
670	100	350	56.78	0
671	50	350	56.78	0
672	0	350	56.78	0
673	200	400	56.78	0
674	150	400	56.78	0
675	200	350	56.78	0
676	150	350	56.78	0
677	300	400	56.78	0
678	250	400	56.78	0
679	300	350	56.78	0
680	250	350	56.78	0
681	400	400	56.78	0
682	350	400	56.78	0
683	400	350	56.78	0
684	350	350	56.78	0
685	100	100	61.56	0
686	50	100	61.56	0
687	0	100	61.56	0
688	100	50	61.56	0
689	50	50	61.56	0
690	0	50	61.56	0
691	100	0	61.56	0
692	50	0	61.56	0
693	0	0	61.56	0
694	200	100	61.56	0
695	150	100	61.56	0
696	200	50	61.56	0
697	150	50	61.56	0
698	200	0	61.56	0
699	150	0	61.56	0
700	300	100	61.56	0
701	250	100	61.56	0
702	300	50	61.56	0
703	250	50	61.56	0
704	300	0	61.56	0
705	250	0	61.56	0
706	400	100	61.56	0
707	350	100	61.56	0
708	400	50	61.56	0
709	350	50	61.56	0
710	400	0	61.56	0
711	350	0	61.56	0
712	100	200	61.56	0
713	50	200	61.56	0
714	0	200	61.56	0
715	100	150	61.56	0
716	50	150	61.56	0
717	0	150	61.56	0
718	200	200	61.56	0
719	150	200	61.56	0
720	200	150	61.56	0
721	150	150	61.56	0
722	300	200	61.56	0
723	250	200	61.56	0
724	300	150	61.56	0
725	250	150	61.56	0
726	400	200	61.56	0
727	350	200	61.56	0
728	400	150	61.56	0
729	350	150	61.56	0
730	100	300	61.56	0
731	50	300	61.56	0
732	0	300	61.56	0
733	100	250	61.56	0
734	50	250	61.56	0
735	0	250	61.56	0
736	200	300	61.56	0
737	150	300	61.56	0
738	200	250	61.56	0
739	150	250	61.56	0
740	300	300	61.56	0
741	250	300	61.56	0
742	300	250	61.56	0
743	250	250	61.56	0
744	400	300	61.56	0
745	350	300	61.56	0
746	400	250	61.56	0
747	350	250	61.56	0
748	100	400	61.56	0
749	50	400	61.56	0
750	0	400	61.56	0
751	100	350	61.56	0
752	50	350	61.56	0
753	0	350	61.56	0
754	200	400	61.56	0
755	150	400	61.56	0
756	200	350	61.56	0
757	150	350	61.56	0
758	300	400	61.56	0
759	250	400	61.56	0
760	300	350	61.56	0
761	250	350	61.56	0
762	400	400	61.56	0
763	350	400	61.56	0
764	400	350	61.56	0
765	350	350	61.56	0
766	100	100	64.15	0
767	50	100	64.15	0
768	0	100	64.15	0
769	100	50	64.15	0
770	50	50	64.15	0
771	0	50	64.15	0
772	100	0	64.15	0
773	50	0	64.15	0
774	0	0	64.15	0
775	200	100	64.15	0
776	150	100	64.15	0
777	200	50	64.15	0
778	150	50	64.15	0
779	200	0	64.15	0
780	150	0	64.15	0
781	300	100	64.15	0
782	250	100	64.15	0
783	300	50	64.15	0
784	250	50	64.15	0
785	300	0	64.15	0
786	250	0	64.15	0
787	400	100	64.15	0
788	350	100	64.15	0
789	400	50	64.15	0
790	350	50	64.15	0
791	400	0	64.15	0
792	350	0	64.15	0
793	100	200	64.15	0
794	50	200	64.15	0
795	0	200	64.15	0
796	100	150	64.15	0
797	50	150	64.15	0
798	0	150	64.15	0
799	200	200	64.15	0
800	150	200	64.15	0
801	200	150	64.15	0
802	150	150	64.15	0
803	300	200	64.15	0
804	250	200	64.15	0
805	300	150	64.15	0
806	250	150	64.15	0
807	400	200	64.15	0
808	350	200	64.15	0
809	400	150	64.15	0
810	350	150	64.15	0
811	100	300	64.15	0
812	50	300	64.15	0
813	0	300	64.15	0
814	100	250	64.15	0
815	50	250	64.15	0
816	0	250	64.15	0
817	200	300	64.15	0
818	150	300	64.15	0
819	200	250	64.15	0
820	150	250	64.15	0
821	300	300	64.15	0
822	250	300	64.15	0
823	300	250	64.15	0
824	250	250	64.15	0
825	400	300	64.15	0
826	350	300	64.15	0
827	400	250	64.15	0
828	350	250	64.15	0
829	100	400	64.15	0
830	50	400	64.15	0
831	0	400	64.15	0
832	100	350	64.15	0
833	50	350	64.15	0
834	0	350	64.15	0
835	200	400	64.15	0
836	150	400	64.15	0
837	200	350	64.15	0
838	150	350	64.15	0
839	300	400	64.15	0
840	250	400	64.15	0
841	300	350	64.15	0
842	250	350	64.15	0
843	400	400	64.15	0
844	350	400	64.15	0
845	400	350	64.15	0
846	350	350	64.15	0
847	100	100	80	0
848	50	100	80	0
849	0	100	80	0
850	100	50	80	0
851	50	50	80	0
852	0	50	80	0
853	100	0	80	0
854	50	0	80	0
855	0	0	80	0
856	200	100	80	0
857	150	100	80	0
858	200	50	80	0
859	150	50	80	0
860	200	0	80	0
861	150	0	80	0
862	300	100	80	0
863	250	100	80	0
864	300	50	80	0
865	250	50	80	0
866	300	0	80	0
867	250	0	80	0
868	400	100	80	0
869	350	100	80	0
870	400	50	80	0
871	350	50	80	0
872	400	0	80	0
873	350	0	80	0
874	100	200	80	0
875	50	200	80	0
876	0	200	80	0
877	100	150	80	0
878	50	150	80	0
879	0	150	80	0
880	200	200	80	0
881	150	200	80	0
882	200	150	80	0
883	150	150	80	0
884	300	200	80	0
885	250	200	80	0
886	300	150	80	0
887	250	150	80	0
888	400	200	80	0
889	350	200	80	0
890	400	150	80	0
891	350	150	80	0
892	100	300	80	0
893	50	300	80	0
894	0	300	80	0
895	100	250	80	0
896	50	250	80	0
897	0	250	80	0
898	200	300	80	0
899	150	300	80	0
900	200	250	80	0
901	150	250	80	0
902	300	300	80	0
903	250	300	80	0
904	300	250	80	0
905	250	250	80	0
906	400	300	80	0
907	350	300	80	0
908	400	250	80	0
909	350	250	80	0
910	100	400	80	0
911	50	400	80	0
912	0	400	80	0
913	100	350	80	0
914	50	350	80	0
915	0	350	80	0
916	200	400	80	0
917	150	400	80	0
918	200	350	80	0
919	150	350	80	0
920	300	400	80	0
921	250	400	80	0
922	300	350	80	0
923	250	350	80	0
924	400	400	80	0
925	350	400	80	0
926	400	350	80	0
927	350	350	80	0
