1	100	100	15	0
2	75	100	15	0
3	50	100	15	0
4	25	100	15	0
5	0	100	15	0
6	100	75	15	0
7	75	75	15	0
8	50	75	15	0
9	25	75	15	0
10	0	75	15	0
11	100	50	15	0
12	75	50	15	0
13	50	50	15	0
14	25	50	15	0
15	0	50	15	0
16	100	25	15	0
17	75	25	15	0
18	50	25	15	0
19	25	25	15	0
20	0	25	15	0
21	100	0	15	0
22	75	0	15	0
23	50	0	15	0
24	25	0	15	0
25	0	0	15	0
26	100	100	0	0
27	75	100	0	0
28	50	100	0	0
29	25	100	0	0
30	0	100	0	0
31	100	75	0	0
32	75	75	0	0
33	50	75	0	0
34	25	75	0	0
35	0	75	0	0
36	100	50	0	0
37	75	50	0	0
38	50	50	0	0
39	25	50	0	0
40	0	50	0	0
41	100	25	0	0
42	75	25	0	0
43	50	25	0	0
44	25	25	0	0
45	0	25	0	0
46	100	0	0	0
47	75	0	0	0
48	50	0	0	0
49	25	0	0	0
50	0	0	0	0
51	200	100	15	0
52	175	100	15	0
53	150	100	15	0
54	125	100	15	0
55	200	75	15	0
56	175	75	15	0
57	150	75	15	0
58	125	75	15	0
59	200	50	15	0
60	175	50	15	0
61	150	50	15	0
62	125	50	15	0
63	200	25	15	0
64	175	25	15	0
65	150	25	15	0
66	125	25	15	0
67	200	0	15	0
68	175	0	15	0
69	150	0	15	0
70	125	0	15	0
71	200	100	0	0
72	175	100	0	0
73	150	100	0	0
74	125	100	0	0
75	200	75	0	0
76	175	75	0	0
77	150	75	0	0
78	125	75	0	0
79	200	50	0	0
80	175	50	0	0
81	150	50	0	0
82	125	50	0	0
83	200	25	0	0
84	175	25	0	0
85	150	25	0	0
86	125	25	0	0
87	200	0	0	0
88	175	0	0	0
89	150	0	0	0
90	125	0	0	0
91	300	100	15	0
92	275	100	15	0
93	250	100	15	0
94	225	100	15	0
95	300	75	15	0
96	275	75	15	0
97	250	75	15	0
98	225	75	15	0
99	300	50	15	0
100	275	50	15	0
101	250	50	15	0
102	225	50	15	0
103	300	25	15	0
104	275	25	15	0
105	250	25	15	0
106	225	25	15	0
107	300	0	15	0
108	275	0	15	0
109	250	0	15	0
110	225	0	15	0
111	300	100	0	0
112	275	100	0	0
113	250	100	0	0
114	225	100	0	0
115	300	75	0	0
116	275	75	0	0
117	250	75	0	0
118	225	75	0	0
119	300	50	0	0
120	275	50	0	0
121	250	50	0	0
122	225	50	0	0
123	300	25	0	0
124	275	25	0	0
125	250	25	0	0
126	225	25	0	0
127	300	0	0	0
128	275	0	0	0
129	250	0	0	0
130	225	0	0	0
131	400	100	15	0
132	375	100	15	0
133	350	100	15	0
134	325	100	15	0
135	400	75	15	0
136	375	75	15	0
137	350	75	15	0
138	325	75	15	0
139	400	50	15	0
140	375	50	15	0
141	350	50	15	0
142	325	50	15	0
143	400	25	15	0
144	375	25	15	0
145	350	25	15	0
146	325	25	15	0
147	400	0	15	0
148	375	0	15	0
149	350	0	15	0
150	325	0	15	0
151	400	100	0	0
152	375	100	0	0
153	350	100	0	0
154	325	100	0	0
155	400	75	0	0
156	375	75	0	0
157	350	75	0	0
158	325	75	0	0
159	400	50	0	0
160	375	50	0	0
161	350	50	0	0
162	325	50	0	0
163	400	25	0	0
164	375	25	0	0
165	350	25	0	0
166	325	25	0	0
167	400	0	0	0
168	375	0	0	0
169	350	0	0	0
170	325	0	0	0
171	100	200	15	0
172	75	200	15	0
173	50	200	15	0
174	25	200	15	0
175	0	200	15	0
176	100	175	15	0
177	75	175	15	0
178	50	175	15	0
179	25	175	15	0
180	0	175	15	0
181	100	150	15	0
182	75	150	15	0
183	50	150	15	0
184	25	150	15	0
185	0	150	15	0
186	100	125	15	0
187	75	125	15	0
188	50	125	15	0
189	25	125	15	0
190	0	125	15	0
191	100	200	0	0
192	75	200	0	0
193	50	200	0	0
194	25	200	0	0
195	0	200	0	0
196	100	175	0	0
197	75	175	0	0
198	50	175	0	0
199	25	175	0	0
200	0	175	0	0
201	100	150	0	0
202	75	150	0	0
203	50	150	0	0
204	25	150	0	0
205	0	150	0	0
206	100	125	0	0
207	75	125	0	0
208	50	125	0	0
209	25	125	0	0
210	0	125	0	0
211	200	200	15	0
212	175	200	15	0
213	150	200	15	0
214	125	200	15	0
215	200	175	15	0
216	175	175	15	0
217	150	175	15	0
218	125	175	15	0
219	200	150	15	0
220	175	150	15	0
221	150	150	15	0
222	125	150	15	0
223	200	125	15	0
224	175	125	15	0
225	150	125	15	0
226	125	125	15	0
227	200	200	0	0
228	175	200	0	0
229	150	200	0	0
230	125	200	0	0
231	200	175	0	0
232	175	175	0	0
233	150	175	0	0
234	125	175	0	0
235	200	150	0	0
236	175	150	0	0
237	150	150	0	0
238	125	150	0	0
239	200	125	0	0
240	175	125	0	0
241	150	125	0	0
242	125	125	0	0
243	300	200	15	0
244	275	200	15	0
245	250	200	15	0
246	225	200	15	0
247	300	175	15	0
248	275	175	15	0
249	250	175	15	0
250	225	175	15	0
251	300	150	15	0
252	275	150	15	0
253	250	150	15	0
254	225	150	15	0
255	300	125	15	0
256	275	125	15	0
257	250	125	15	0
258	225	125	15	0
259	300	200	0	0
260	275	200	0	0
261	250	200	0	0
262	225	200	0	0
263	300	175	0	0
264	275	175	0	0
265	250	175	0	0
266	225	175	0	0
267	300	150	0	0
268	275	150	0	0
269	250	150	0	0
270	225	150	0	0
271	300	125	0	0
272	275	125	0	0
273	250	125	0	0
274	225	125	0	0
275	400	200	15	0
276	375	200	15	0
277	350	200	15	0
278	325	200	15	0
279	400	175	15	0
280	375	175	15	0
281	350	175	15	0
282	325	175	15	0
283	400	150	15	0
284	375	150	15	0
285	350	150	15	0
286	325	150	15	0
287	400	125	15	0
288	375	125	15	0
289	350	125	15	0
290	325	125	15	0
291	400	200	0	0
292	375	200	0	0
293	350	200	0	0
294	325	200	0	0
295	400	175	0	0
296	375	175	0	0
297	350	175	0	0
298	325	175	0	0
299	400	150	0	0
300	375	150	0	0
301	350	150	0	0
302	325	150	0	0
303	400	125	0	0
304	375	125	0	0
305	350	125	0	0
306	325	125	0	0
307	100	300	15	0
308	75	300	15	0
309	50	300	15	0
310	25	300	15	0
311	0	300	15	0
312	100	275	15	0
313	75	275	15	0
314	50	275	15	0
315	25	275	15	0
316	0	275	15	0
317	100	250	15	0
318	75	250	15	0
319	50	250	15	0
320	25	250	15	0
321	0	250	15	0
322	100	225	15	0
323	75	225	15	0
324	50	225	15	0
325	25	225	15	0
326	0	225	15	0
327	100	300	0	0
328	75	300	0	0
329	50	300	0	0
330	25	300	0	0
331	0	300	0	0
332	100	275	0	0
333	75	275	0	0
334	50	275	0	0
335	25	275	0	0
336	0	275	0	0
337	100	250	0	0
338	75	250	0	0
339	50	250	0	0
340	25	250	0	0
341	0	250	0	0
342	100	225	0	0
343	75	225	0	0
344	50	225	0	0
345	25	225	0	0
346	0	225	0	0
347	200	300	15	0
348	175	300	15	0
349	150	300	15	0
350	125	300	15	0
351	200	275	15	0
352	175	275	15	0
353	150	275	15	0
354	125	275	15	0
355	200	250	15	0
356	175	250	15	0
357	150	250	15	0
358	125	250	15	0
359	200	225	15	0
360	175	225	15	0
361	150	225	15	0
362	125	225	15	0
363	200	300	0	0
364	175	300	0	0
365	150	300	0	0
366	125	300	0	0
367	200	275	0	0
368	175	275	0	0
369	150	275	0	0
370	125	275	0	0
371	200	250	0	0
372	175	250	0	0
373	150	250	0	0
374	125	250	0	0
375	200	225	0	0
376	175	225	0	0
377	150	225	0	0
378	125	225	0	0
379	300	300	15	0
380	275	300	15	0
381	250	300	15	0
382	225	300	15	0
383	300	275	15	0
384	275	275	15	0
385	250	275	15	0
386	225	275	15	0
387	300	250	15	0
388	275	250	15	0
389	250	250	15	0
390	225	250	15	0
391	300	225	15	0
392	275	225	15	0
393	250	225	15	0
394	225	225	15	0
395	300	300	0	0
396	275	300	0	0
397	250	300	0	0
398	225	300	0	0
399	300	275	0	0
400	275	275	0	0
401	250	275	0	0
402	225	275	0	0
403	300	250	0	0
404	275	250	0	0
405	250	250	0	0
406	225	250	0	0
407	300	225	0	0
408	275	225	0	0
409	250	225	0	0
410	225	225	0	0
411	400	300	15	0
412	375	300	15	0
413	350	300	15	0
414	325	300	15	0
415	400	275	15	0
416	375	275	15	0
417	350	275	15	0
418	325	275	15	0
419	400	250	15	0
420	375	250	15	0
421	350	250	15	0
422	325	250	15	0
423	400	225	15	0
424	375	225	15	0
425	350	225	15	0
426	325	225	15	0
427	400	300	0	0
428	375	300	0	0
429	350	300	0	0
430	325	300	0	0
431	400	275	0	0
432	375	275	0	0
433	350	275	0	0
434	325	275	0	0
435	400	250	0	0
436	375	250	0	0
437	350	250	0	0
438	325	250	0	0
439	400	225	0	0
440	375	225	0	0
441	350	225	0	0
442	325	225	0	0
443	100	400	15	0
444	75	400	15	0
445	50	400	15	0
446	25	400	15	0
447	0	400	15	0
448	100	375	15	0
449	75	375	15	0
450	50	375	15	0
451	25	375	15	0
452	0	375	15	0
453	100	350	15	0
454	75	350	15	0
455	50	350	15	0
456	25	350	15	0
457	0	350	15	0
458	100	325	15	0
459	75	325	15	0
460	50	325	15	0
461	25	325	15	0
462	0	325	15	0
463	100	400	0	0
464	75	400	0	0
465	50	400	0	0
466	25	400	0	0
467	0	400	0	0
468	100	375	0	0
469	75	375	0	0
470	50	375	0	0
471	25	375	0	0
472	0	375	0	0
473	100	350	0	0
474	75	350	0	0
475	50	350	0	0
476	25	350	0	0
477	0	350	0	0
478	100	325	0	0
479	75	325	0	0
480	50	325	0	0
481	25	325	0	0
482	0	325	0	0
483	200	400	15	0
484	175	400	15	0
485	150	400	15	0
486	125	400	15	0
487	200	375	15	0
488	175	375	15	0
489	150	375	15	0
490	125	375	15	0
491	200	350	15	0
492	175	350	15	0
493	150	350	15	0
494	125	350	15	0
495	200	325	15	0
496	175	325	15	0
497	150	325	15	0
498	125	325	15	0
499	200	400	0	0
500	175	400	0	0
501	150	400	0	0
502	125	400	0	0
503	200	375	0	0
504	175	375	0	0
505	150	375	0	0
506	125	375	0	0
507	200	350	0	0
508	175	350	0	0
509	150	350	0	0
510	125	350	0	0
511	200	325	0	0
512	175	325	0	0
513	150	325	0	0
514	125	325	0	0
515	300	400	15	0
516	275	400	15	0
517	250	400	15	0
518	225	400	15	0
519	300	375	15	0
520	275	375	15	0
521	250	375	15	0
522	225	375	15	0
523	300	350	15	0
524	275	350	15	0
525	250	350	15	0
526	225	350	15	0
527	300	325	15	0
528	275	325	15	0
529	250	325	15	0
530	225	325	15	0
531	300	400	0	0
532	275	400	0	0
533	250	400	0	0
534	225	400	0	0
535	300	375	0	0
536	275	375	0	0
537	250	375	0	0
538	225	375	0	0
539	300	350	0	0
540	275	350	0	0
541	250	350	0	0
542	225	350	0	0
543	300	325	0	0
544	275	325	0	0
545	250	325	0	0
546	225	325	0	0
547	400	400	15	0
548	375	400	15	0
549	350	400	15	0
550	325	400	15	0
551	400	375	15	0
552	375	375	15	0
553	350	375	15	0
554	325	375	15	0
555	400	350	15	0
556	375	350	15	0
557	350	350	15	0
558	325	350	15	0
559	400	325	15	0
560	375	325	15	0
561	350	325	15	0
562	325	325	15	0
563	400	400	0	0
564	375	400	0	0
565	350	400	0	0
566	325	400	0	0
567	400	375	0	0
568	375	375	0	0
569	350	375	0	0
570	325	375	0	0
571	400	350	0	0
572	375	350	0	0
573	350	350	0	0
574	325	350	0	0
575	400	325	0	0
576	375	325	0	0
577	350	325	0	0
578	325	325	0	0
579	100	100	24.98	0
580	75	100	24.98	0
581	50	100	24.98	0
582	25	100	24.98	0
583	0	100	24.98	0
584	100	75	24.98	0
585	75	75	24.98	0
586	50	75	24.98	0
587	25	75	24.98	0
588	0	75	24.98	0
589	100	50	24.98	0
590	75	50	24.98	0
591	50	50	24.98	0
592	25	50	24.98	0
593	0	50	24.98	0
594	100	25	24.98	0
595	75	25	24.98	0
596	50	25	24.98	0
597	25	25	24.98	0
598	0	25	24.98	0
599	100	0	24.98	0
600	75	0	24.98	0
601	50	0	24.98	0
602	25	0	24.98	0
603	0	0	24.98	0
604	200	99.975	24.98	0
605	175	99.98125	24.98	0
606	150	99.9875	24.98	0
607	125	99.99375	24.98	0
608	200	74.98125	24.98	0
609	175	74.9859375	24.98	0
610	150	74.990625	24.98	0
611	125	74.9953125	24.98	0
612	200	49.9875	24.98	0
613	175	49.990625	24.98	0
614	150	49.99375	24.98	0
615	125	49.996875	24.98	0
616	200	24.99375	24.98	0
617	175	24.9953125	24.98	0
618	150	24.996875	24.98	0
619	125	24.9984375	24.98	0
620	200	0	24.98	0
621	175	0	24.98	0
622	150	0	24.98	0
623	125	0	24.98	0
624	300	100	24.98	0
625	275	99.99375	24.98	0
626	250	99.9875	24.98	0
627	225	99.98125	24.98	0
628	300	75	24.98	0
629	275	74.9953125	24.98	0
630	250	74.990625	24.98	0
631	225	74.9859375	24.98	0
632	300	50	24.98	0
633	275	49.996875	24.98	0
634	250	49.99375	24.98	0
635	225	49.990625	24.98	0
636	300	25	24.98	0
637	275	24.9984375	24.98	0
638	250	24.996875	24.98	0
639	225	24.9953125	24.98	0
640	300	0	24.98	0
641	275	0	24.98	0
642	250	0	24.98	0
643	225	0	24.98	0
644	400	100	24.98	0
645	375	100	24.98	0
646	350	100	24.98	0
647	325	100	24.98	0
648	400	75	24.98	0
649	375	75	24.98	0
650	350	75	24.98	0
651	325	75	24.98	0
652	400	50	24.98	0
653	375	50	24.98	0
654	350	50	24.98	0
655	325	50	24.98	0
656	400	25	24.98	0
657	375	25	24.98	0
658	350	25	24.98	0
659	325	25	24.98	0
660	400	0	24.98	0
661	375	0	24.98	0
662	350	0	24.98	0
663	325	0	24.98	0
664	100	200	24.98	0
665	75	200	24.98	0
666	50	200	24.98	0
667	25	200	24.98	0
668	0	200	24.98	0
669	100	175	24.98	0
670	75	175	24.98	0
671	50	175	24.98	0
672	25	175	24.98	0
673	0	175	24.98	0
674	100	150	24.98	0
675	75	150	24.98	0
676	50	150	24.98	0
677	25	150	24.98	0
678	0	150	24.98	0
679	100	125	24.98	0
680	75	125	24.98	0
681	50	125	24.98	0
682	25	125	24.98	0
683	0	125	24.98	0
684	200	199.975	24.98	0
685	175	199.98125	24.98	0
686	150	199.9875	24.98	0
687	125	199.99375	24.98	0
688	200	174.9875	24.98	0
689	175	174.990625	24.98	0
690	150	174.99375	24.98	0
691	125	174.996875	24.98	0
692	200	150	24.98	0
693	175	150	24.98	0
694	150	150	24.98	0
695	125	150	24.98	0
696	200	125.0125	24.98	0
697	175	125.009375	24.98	0
698	150	125.00625	24.98	0
699	125	125.003125	24.98	0
700	200	100.025	24.98	0
701	175	100.01875	24.98	0
702	150	100.0125	24.98	0
703	125	100.00625	24.98	0
704	300	200	24.98	0
705	275	199.99375	24.98	0
706	250	199.9875	24.98	0
707	225	199.98125	24.98	0
708	300	175	24.98	0
709	275	174.996875	24.98	0
710	250	174.99375	24.98	0
711	225	174.990625	24.98	0
712	300	150	24.98	0
713	275	150	24.98	0
714	250	150	24.98	0
715	225	150	24.98	0
716	300	125	24.98	0
717	275	125.003125	24.98	0
718	250	125.00625	24.98	0
719	225	125.009375	24.98	0
720	275	100.00625	24.98	0
721	250	100.0125	24.98	0
722	225	100.01875	24.98	0
723	400	200	24.98	0
724	375	200	24.98	0
725	350	200	24.98	0
726	325	200	24.98	0
727	400	175	24.98	0
728	375	175	24.98	0
729	350	175	24.98	0
730	325	175	24.98	0
731	400	150	24.98	0
732	375	150	24.98	0
733	350	150	24.98	0
734	325	150	24.98	0
735	400	125	24.98	0
736	375	125	24.98	0
737	350	125	24.98	0
738	325	125	24.98	0
739	100	300	24.98	0
740	75	300	24.98	0
741	50	300	24.98	0
742	25	300	24.98	0
743	0	300	24.98	0
744	100	275	24.98	0
745	75	275	24.98	0
746	50	275	24.98	0
747	25	275	24.98	0
748	0	275	24.98	0
749	100	250	24.98	0
750	75	250	24.98	0
751	50	250	24.98	0
752	25	250	24.98	0
753	0	250	24.98	0
754	100	225	24.98	0
755	75	225	24.98	0
756	50	225	24.98	0
757	25	225	24.98	0
758	0	225	24.98	0
759	200	299.975	24.98	0
760	175	299.98125	24.98	0
761	150	299.9875	24.98	0
762	125	299.99375	24.98	0
763	200	274.9875	24.98	0
764	175	274.990625	24.98	0
765	150	274.99375	24.98	0
766	125	274.996875	24.98	0
767	200	250	24.98	0
768	175	250	24.98	0
769	150	250	24.98	0
770	125	250	24.98	0
771	200	225.0125	24.98	0
772	175	225.009375	24.98	0
773	150	225.00625	24.98	0
774	125	225.003125	24.98	0
775	200	200.025	24.98	0
776	175	200.01875	24.98	0
777	150	200.0125	24.98	0
778	125	200.00625	24.98	0
779	300	300	24.98	0
780	275	299.99375	24.98	0
781	250	299.9875	24.98	0
782	225	299.98125	24.98	0
783	300	275	24.98	0
784	275	274.996875	24.98	0
785	250	274.99375	24.98	0
786	225	274.990625	24.98	0
787	300	250	24.98	0
788	275	250	24.98	0
789	250	250	24.98	0
790	225	250	24.98	0
791	300	225	24.98	0
792	275	225.003125	24.98	0
793	250	225.00625	24.98	0
794	225	225.009375	24.98	0
795	275	200.00625	24.98	0
796	250	200.0125	24.98	0
797	225	200.01875	24.98	0
798	400	300	24.98	0
799	375	300	24.98	0
800	350	300	24.98	0
801	325	300	24.98	0
802	400	275	24.98	0
803	375	275	24.98	0
804	350	275	24.98	0
805	325	275	24.98	0
806	400	250	24.98	0
807	375	250	24.98	0
808	350	250	24.98	0
809	325	250	24.98	0
810	400	225	24.98	0
811	375	225	24.98	0
812	350	225	24.98	0
813	325	225	24.98	0
814	100	400	24.98	0
815	75	400	24.98	0
816	50	400	24.98	0
817	25	400	24.98	0
818	0	400	24.98	0
819	100	375	24.98	0
820	75	375	24.98	0
821	50	375	24.98	0
822	25	375	24.98	0
823	0	375	24.98	0
824	100	350	24.98	0
825	75	350	24.98	0
826	50	350	24.98	0
827	25	350	24.98	0
828	0	350	24.98	0
829	100	325	24.98	0
830	75	325	24.98	0
831	50	325	24.98	0
832	25	325	24.98	0
833	0	325	24.98	0
834	200	400	24.98	0
835	175	400	24.98	0
836	150	400	24.98	0
837	125	400	24.98	0
838	200	375.00625	24.98	0
839	175	375.0046875	24.98	0
840	150	375.003125	24.98	0
841	125	375.0015625	24.98	0
842	200	350.0125	24.98	0
843	175	350.009375	24.98	0
844	150	350.00625	24.98	0
845	125	350.003125	24.98	0
846	200	325.01875	24.98	0
847	175	325.0140625	24.98	0
848	150	325.009375	24.98	0
849	125	325.0046875	24.98	0
850	200	300.025	24.98	0
851	175	300.01875	24.98	0
852	150	300.0125	24.98	0
853	125	300.00625	24.98	0
854	300	400	24.98	0
855	275	400	24.98	0
856	250	400	24.98	0
857	225	400	24.98	0
858	300	375	24.98	0
859	275	375.0015625	24.98	0
860	250	375.003125	24.98	0
861	225	375.0046875	24.98	0
862	300	350	24.98	0
863	275	350.003125	24.98	0
864	250	350.00625	24.98	0
865	225	350.009375	24.98	0
866	300	325	24.98	0
867	275	325.0046875	24.98	0
868	250	325.009375	24.98	0
869	225	325.0140625	24.98	0
870	275	300.00625	24.98	0
871	250	300.0125	24.98	0
872	225	300.01875	24.98	0
873	400	400	24.98	0
874	375	400	24.98	0
875	350	400	24.98	0
876	325	400	24.98	0
877	400	375	24.98	0
878	375	375	24.98	0
879	350	375	24.98	0
880	325	375	24.98	0
881	400	350	24.98	0
882	375	350	24.98	0
883	350	350	24.98	0
884	325	350	24.98	0
885	400	325	24.98	0
886	375	325	24.98	0
887	350	325	24.98	0
888	325	325	24.98	0
889	100	100	30.78	0
890	75	100	30.78	0
891	50	100	30.78	0
892	25	100	30.78	0
893	0	100	30.78	0
894	100	75	30.78	0
895	75	75	30.78	0
896	50	75	30.78	0
897	25	75	30.78	0
898	0	75	30.78	0
899	100	50	30.78	0
900	75	50	30.78	0
901	50	50	30.78	0
902	25	50	30.78	0
903	0	50	30.78	0
904	100	25	30.78	0
905	75	25	30.78	0
906	50	25	30.78	0
907	25	25	30.78	0
908	0	25	30.78	0
909	100	0	30.78	0
910	75	0	30.78	0
911	50	0	30.78	0
912	25	0	30.78	0
913	0	0	30.78	0
914	200	99.975	30.78	0
915	175	99.98125	30.78	0
916	150	99.9875	30.78	0
917	125	99.99375	30.78	0
918	200	74.98125	30.78	0
919	175	74.9859375	30.78	0
920	150	74.990625	30.78	0
921	125	74.9953125	30.78	0
922	200	49.9875	30.78	0
923	175	49.990625	30.78	0
924	150	49.99375	30.78	0
925	125	49.996875	30.78	0
926	200	24.99375	30.78	0
927	175	24.9953125	30.78	0
928	150	24.996875	30.78	0
929	125	24.9984375	30.78	0
930	200	0	30.78	0
931	175	0	30.78	0
932	150	0	30.78	0
933	125	0	30.78	0
934	300	100	30.78	0
935	275	99.99375	30.78	0
936	250	99.9875	30.78	0
937	225	99.98125	30.78	0
938	300	75	30.78	0
939	275	74.9953125	30.78	0
940	250	74.990625	30.78	0
941	225	74.9859375	30.78	0
942	300	50	30.78	0
943	275	49.996875	30.78	0
944	250	49.99375	30.78	0
945	225	49.990625	30.78	0
946	300	25	30.78	0
947	275	24.9984375	30.78	0
948	250	24.996875	30.78	0
949	225	24.9953125	30.78	0
950	300	0	30.78	0
951	275	0	30.78	0
952	250	0	30.78	0
953	225	0	30.78	0
954	400	100	30.78	0
955	375	100	30.78	0
956	350	100	30.78	0
957	325	100	30.78	0
958	400	75	30.78	0
959	375	75	30.78	0
960	350	75	30.78	0
961	325	75	30.78	0
962	400	50	30.78	0
963	375	50	30.78	0
964	350	50	30.78	0
965	325	50	30.78	0
966	400	25	30.78	0
967	375	25	30.78	0
968	350	25	30.78	0
969	325	25	30.78	0
970	400	0	30.78	0
971	375	0	30.78	0
972	350	0	30.78	0
973	325	0	30.78	0
974	100	200	30.78	0
975	75	200	30.78	0
976	50	200	30.78	0
977	25	200	30.78	0
978	0	200	30.78	0
979	100	175	30.78	0
980	75	175	30.78	0
981	50	175	30.78	0
982	25	175	30.78	0
983	0	175	30.78	0
984	100	150	30.78	0
985	75	150	30.78	0
986	50	150	30.78	0
987	25	150	30.78	0
988	0	150	30.78	0
989	100	125	30.78	0
990	75	125	30.78	0
991	50	125	30.78	0
992	25	125	30.78	0
993	0	125	30.78	0
994	200	199.975	30.78	0
995	175	199.98125	30.78	0
996	150	199.9875	30.78	0
997	125	199.99375	30.78	0
998	200	174.9875	30.78	0
999	175	174.990625	30.78	0
1000	150	174.99375	30.78	0
1001	125	174.996875	30.78	0
1002	200	150	30.78	0
1003	175	150	30.78	0
1004	150	150	30.78	0
1005	125	150	30.78	0
1006	200	125.0125	30.78	0
1007	175	125.009375	30.78	0
1008	150	125.00625	30.78	0
1009	125	125.003125	30.78	0
1010	200	100.025	30.78	0
1011	175	100.01875	30.78	0
1012	150	100.0125	30.78	0
1013	125	100.00625	30.78	0
1014	300	200	30.78	0
1015	275	199.99375	30.78	0
1016	250	199.9875	30.78	0
1017	225	199.98125	30.78	0
1018	300	175	30.78	0
1019	275	174.996875	30.78	0
1020	250	174.99375	30.78	0
1021	225	174.990625	30.78	0
1022	300	150	30.78	0
1023	275	150	30.78	0
1024	250	150	30.78	0
1025	225	150	30.78	0
1026	300	125	30.78	0
1027	275	125.003125	30.78	0
1028	250	125.00625	30.78	0
1029	225	125.009375	30.78	0
1030	275	100.00625	30.78	0
1031	250	100.0125	30.78	0
1032	225	100.01875	30.78	0
1033	400	200	30.78	0
1034	375	200	30.78	0
1035	350	200	30.78	0
1036	325	200	30.78	0
1037	400	175	30.78	0
1038	375	175	30.78	0
1039	350	175	30.78	0
1040	325	175	30.78	0
1041	400	150	30.78	0
1042	375	150	30.78	0
1043	350	150	30.78	0
1044	325	150	30.78	0
1045	400	125	30.78	0
1046	375	125	30.78	0
1047	350	125	30.78	0
1048	325	125	30.78	0
1049	100	300	30.78	0
1050	75	300	30.78	0
1051	50	300	30.78	0
1052	25	300	30.78	0
1053	0	300	30.78	0
1054	100	275	30.78	0
1055	75	275	30.78	0
1056	50	275	30.78	0
1057	25	275	30.78	0
1058	0	275	30.78	0
1059	100	250	30.78	0
1060	75	250	30.78	0
1061	50	250	30.78	0
1062	25	250	30.78	0
1063	0	250	30.78	0
1064	100	225	30.78	0
1065	75	225	30.78	0
1066	50	225	30.78	0
1067	25	225	30.78	0
1068	0	225	30.78	0
1069	200	299.975	30.78	0
1070	175	299.98125	30.78	0
1071	150	299.9875	30.78	0
1072	125	299.99375	30.78	0
1073	200	274.9875	30.78	0
1074	175	274.990625	30.78	0
1075	150	274.99375	30.78	0
1076	125	274.996875	30.78	0
1077	200	250	30.78	0
1078	175	250	30.78	0
1079	150	250	30.78	0
1080	125	250	30.78	0
1081	200	225.0125	30.78	0
1082	175	225.009375	30.78	0
1083	150	225.00625	30.78	0
1084	125	225.003125	30.78	0
1085	200	200.025	30.78	0
1086	175	200.01875	30.78	0
1087	150	200.0125	30.78	0
1088	125	200.00625	30.78	0
1089	300	300	30.78	0
1090	275	299.99375	30.78	0
1091	250	299.9875	30.78	0
1092	225	299.98125	30.78	0
1093	300	275	30.78	0
1094	275	274.996875	30.78	0
1095	250	274.99375	30.78	0
1096	225	274.990625	30.78	0
1097	300	250	30.78	0
1098	275	250	30.78	0
1099	250	250	30.78	0
1100	225	250	30.78	0
1101	300	225	30.78	0
1102	275	225.003125	30.78	0
1103	250	225.00625	30.78	0
1104	225	225.009375	30.78	0
1105	275	200.00625	30.78	0
1106	250	200.0125	30.78	0
1107	225	200.01875	30.78	0
1108	400	300	30.78	0
1109	375	300	30.78	0
1110	350	300	30.78	0
1111	325	300	30.78	0
1112	400	275	30.78	0
1113	375	275	30.78	0
1114	350	275	30.78	0
1115	325	275	30.78	0
1116	400	250	30.78	0
1117	375	250	30.78	0
1118	350	250	30.78	0
1119	325	250	30.78	0
1120	400	225	30.78	0
1121	375	225	30.78	0
1122	350	225	30.78	0
1123	325	225	30.78	0
1124	100	400	30.78	0
1125	75	400	30.78	0
1126	50	400	30.78	0
1127	25	400	30.78	0
1128	0	400	30.78	0
1129	100	375	30.78	0
1130	75	375	30.78	0
1131	50	375	30.78	0
1132	25	375	30.78	0
1133	0	375	30.78	0
1134	100	350	30.78	0
1135	75	350	30.78	0
1136	50	350	30.78	0
1137	25	350	30.78	0
1138	0	350	30.78	0
1139	100	325	30.78	0
1140	75	325	30.78	0
1141	50	325	30.78	0
1142	25	325	30.78	0
1143	0	325	30.78	0
1144	200	400	30.78	0
1145	175	400	30.78	0
1146	150	400	30.78	0
1147	125	400	30.78	0
1148	200	375.00625	30.78	0
1149	175	375.0046875	30.78	0
1150	150	375.003125	30.78	0
1151	125	375.0015625	30.78	0
1152	200	350.0125	30.78	0
1153	175	350.009375	30.78	0
1154	150	350.00625	30.78	0
1155	125	350.003125	30.78	0
1156	200	325.01875	30.78	0
1157	175	325.0140625	30.78	0
1158	150	325.009375	30.78	0
1159	125	325.0046875	30.78	0
1160	200	300.025	30.78	0
1161	175	300.01875	30.78	0
1162	150	300.0125	30.78	0
1163	125	300.00625	30.78	0
1164	300	400	30.78	0
1165	275	400	30.78	0
1166	250	400	30.78	0
1167	225	400	30.78	0
1168	300	375	30.78	0
1169	275	375.0015625	30.78	0
1170	250	375.003125	30.78	0
1171	225	375.0046875	30.78	0
1172	300	350	30.78	0
1173	275	350.003125	30.78	0
1174	250	350.00625	30.78	0
1175	225	350.009375	30.78	0
1176	300	325	30.78	0
1177	275	325.0046875	30.78	0
1178	250	325.009375	30.78	0
1179	225	325.0140625	30.78	0
1180	275	300.00625	30.78	0
1181	250	300.0125	30.78	0
1182	225	300.01875	30.78	0
1183	400	400	30.78	0
1184	375	400	30.78	0
1185	350	400	30.78	0
1186	325	400	30.78	0
1187	400	375	30.78	0
1188	375	375	30.78	0
1189	350	375	30.78	0
1190	325	375	30.78	0
1191	400	350	30.78	0
1192	375	350	30.78	0
1193	350	350	30.78	0
1194	325	350	30.78	0
1195	400	325	30.78	0
1196	375	325	30.78	0
1197	350	325	30.78	0
1198	325	325	30.78	0
1199	100	100	34.89	0
1200	75	100	34.89	0
1201	50	100	34.89	0
1202	25	100	34.89	0
1203	0	100	34.89	0
1204	100	75	34.89	0
1205	75	75	34.89	0
1206	50	75	34.89	0
1207	25	75	34.89	0
1208	0	75	34.89	0
1209	100	50	34.89	0
1210	75	50	34.89	0
1211	50	50	34.89	0
1212	25	50	34.89	0
1213	0	50	34.89	0
1214	100	25	34.89	0
1215	75	25	34.89	0
1216	50	25	34.89	0
1217	25	25	34.89	0
1218	0	25	34.89	0
1219	100	0	34.89	0
1220	75	0	34.89	0
1221	50	0	34.89	0
1222	25	0	34.89	0
1223	0	0	34.89	0
1224	200	99.975	34.89	0
1225	175	99.98125	34.89	0
1226	150	99.9875	34.89	0
1227	125	99.99375	34.89	0
1228	200	74.98125	34.89	0
1229	175	74.9859375	34.89	0
1230	150	74.990625	34.89	0
1231	125	74.9953125	34.89	0
1232	200	49.9875	34.89	0
1233	175	49.990625	34.89	0
1234	150	49.99375	34.89	0
1235	125	49.996875	34.89	0
1236	200	24.99375	34.89	0
1237	175	24.9953125	34.89	0
1238	150	24.996875	34.89	0
1239	125	24.9984375	34.89	0
1240	200	0	34.89	0
1241	175	0	34.89	0
1242	150	0	34.89	0
1243	125	0	34.89	0
1244	300	100	34.89	0
1245	275	99.99375	34.89	0
1246	250	99.9875	34.89	0
1247	225	99.98125	34.89	0
1248	300	75	34.89	0
1249	275	74.9953125	34.89	0
1250	250	74.990625	34.89	0
1251	225	74.9859375	34.89	0
1252	300	50	34.89	0
1253	275	49.996875	34.89	0
1254	250	49.99375	34.89	0
1255	225	49.990625	34.89	0
1256	300	25	34.89	0
1257	275	24.9984375	34.89	0
1258	250	24.996875	34.89	0
1259	225	24.9953125	34.89	0
1260	300	0	34.89	0
1261	275	0	34.89	0
1262	250	0	34.89	0
1263	225	0	34.89	0
1264	400	100	34.89	0
1265	375	100	34.89	0
1266	350	100	34.89	0
1267	325	100	34.89	0
1268	400	75	34.89	0
1269	375	75	34.89	0
1270	350	75	34.89	0
1271	325	75	34.89	0
1272	400	50	34.89	0
1273	375	50	34.89	0
1274	350	50	34.89	0
1275	325	50	34.89	0
1276	400	25	34.89	0
1277	375	25	34.89	0
1278	350	25	34.89	0
1279	325	25	34.89	0
1280	400	0	34.89	0
1281	375	0	34.89	0
1282	350	0	34.89	0
1283	325	0	34.89	0
1284	100	200	34.89	0
1285	75	200	34.89	0
1286	50	200	34.89	0
1287	25	200	34.89	0
1288	0	200	34.89	0
1289	100	175	34.89	0
1290	75	175	34.89	0
1291	50	175	34.89	0
1292	25	175	34.89	0
1293	0	175	34.89	0
1294	100	150	34.89	0
1295	75	150	34.89	0
1296	50	150	34.89	0
1297	25	150	34.89	0
1298	0	150	34.89	0
1299	100	125	34.89	0
1300	75	125	34.89	0
1301	50	125	34.89	0
1302	25	125	34.89	0
1303	0	125	34.89	0
1304	200	199.975	34.89	0
1305	175	199.98125	34.89	0
1306	150	199.9875	34.89	0
1307	125	199.99375	34.89	0
1308	200	174.9875	34.89	0
1309	175	174.990625	34.89	0
1310	150	174.99375	34.89	0
1311	125	174.996875	34.89	0
1312	200	150	34.89	0
1313	175	150	34.89	0
1314	150	150	34.89	0
1315	125	150	34.89	0
1316	200	125.0125	34.89	0
1317	175	125.009375	34.89	0
1318	150	125.00625	34.89	0
1319	125	125.003125	34.89	0
1320	200	100.025	34.89	0
1321	175	100.01875	34.89	0
1322	150	100.0125	34.89	0
1323	125	100.00625	34.89	0
1324	300	200	34.89	0
1325	275	199.99375	34.89	0
1326	250	199.9875	34.89	0
1327	225	199.98125	34.89	0
1328	300	175	34.89	0
1329	275	174.996875	34.89	0
1330	250	174.99375	34.89	0
1331	225	174.990625	34.89	0
1332	300	150	34.89	0
1333	275	150	34.89	0
1334	250	150	34.89	0
1335	225	150	34.89	0
1336	300	125	34.89	0
1337	275	125.003125	34.89	0
1338	250	125.00625	34.89	0
1339	225	125.009375	34.89	0
1340	275	100.00625	34.89	0
1341	250	100.0125	34.89	0
1342	225	100.01875	34.89	0
1343	400	200	34.89	0
1344	375	200	34.89	0
1345	350	200	34.89	0
1346	325	200	34.89	0
1347	400	175	34.89	0
1348	375	175	34.89	0
1349	350	175	34.89	0
1350	325	175	34.89	0
1351	400	150	34.89	0
1352	375	150	34.89	0
1353	350	150	34.89	0
1354	325	150	34.89	0
1355	400	125	34.89	0
1356	375	125	34.89	0
1357	350	125	34.89	0
1358	325	125	34.89	0
1359	100	300	34.89	0
1360	75	300	34.89	0
1361	50	300	34.89	0
1362	25	300	34.89	0
1363	0	300	34.89	0
1364	100	275	34.89	0
1365	75	275	34.89	0
1366	50	275	34.89	0
1367	25	275	34.89	0
1368	0	275	34.89	0
1369	100	250	34.89	0
1370	75	250	34.89	0
1371	50	250	34.89	0
1372	25	250	34.89	0
1373	0	250	34.89	0
1374	100	225	34.89	0
1375	75	225	34.89	0
1376	50	225	34.89	0
1377	25	225	34.89	0
1378	0	225	34.89	0
1379	200	299.975	34.89	0
1380	175	299.98125	34.89	0
1381	150	299.9875	34.89	0
1382	125	299.99375	34.89	0
1383	200	274.9875	34.89	0
1384	175	274.990625	34.89	0
1385	150	274.99375	34.89	0
1386	125	274.996875	34.89	0
1387	200	250	34.89	0
1388	175	250	34.89	0
1389	150	250	34.89	0
1390	125	250	34.89	0
1391	200	225.0125	34.89	0
1392	175	225.009375	34.89	0
1393	150	225.00625	34.89	0
1394	125	225.003125	34.89	0
1395	200	200.025	34.89	0
1396	175	200.01875	34.89	0
1397	150	200.0125	34.89	0
1398	125	200.00625	34.89	0
1399	300	300	34.89	0
1400	275	299.99375	34.89	0
1401	250	299.9875	34.89	0
1402	225	299.98125	34.89	0
1403	300	275	34.89	0
1404	275	274.996875	34.89	0
1405	250	274.99375	34.89	0
1406	225	274.990625	34.89	0
1407	300	250	34.89	0
1408	275	250	34.89	0
1409	250	250	34.89	0
1410	225	250	34.89	0
1411	300	225	34.89	0
1412	275	225.003125	34.89	0
1413	250	225.00625	34.89	0
1414	225	225.009375	34.89	0
1415	275	200.00625	34.89	0
1416	250	200.0125	34.89	0
1417	225	200.01875	34.89	0
1418	400	300	34.89	0
1419	375	300	34.89	0
1420	350	300	34.89	0
1421	325	300	34.89	0
1422	400	275	34.89	0
1423	375	275	34.89	0
1424	350	275	34.89	0
1425	325	275	34.89	0
1426	400	250	34.89	0
1427	375	250	34.89	0
1428	350	250	34.89	0
1429	325	250	34.89	0
1430	400	225	34.89	0
1431	375	225	34.89	0
1432	350	225	34.89	0
1433	325	225	34.89	0
1434	100	400	34.89	0
1435	75	400	34.89	0
1436	50	400	34.89	0
1437	25	400	34.89	0
1438	0	400	34.89	0
1439	100	375	34.89	0
1440	75	375	34.89	0
1441	50	375	34.89	0
1442	25	375	34.89	0
1443	0	375	34.89	0
1444	100	350	34.89	0
1445	75	350	34.89	0
1446	50	350	34.89	0
1447	25	350	34.89	0
1448	0	350	34.89	0
1449	100	325	34.89	0
1450	75	325	34.89	0
1451	50	325	34.89	0
1452	25	325	34.89	0
1453	0	325	34.89	0
1454	200	400	34.89	0
1455	175	400	34.89	0
1456	150	400	34.89	0
1457	125	400	34.89	0
1458	200	375.00625	34.89	0
1459	175	375.0046875	34.89	0
1460	150	375.003125	34.89	0
1461	125	375.0015625	34.89	0
1462	200	350.0125	34.89	0
1463	175	350.009375	34.89	0
1464	150	350.00625	34.89	0
1465	125	350.003125	34.89	0
1466	200	325.01875	34.89	0
1467	175	325.0140625	34.89	0
1468	150	325.009375	34.89	0
1469	125	325.0046875	34.89	0
1470	200	300.025	34.89	0
1471	175	300.01875	34.89	0
1472	150	300.0125	34.89	0
1473	125	300.00625	34.89	0
1474	300	400	34.89	0
1475	275	400	34.89	0
1476	250	400	34.89	0
1477	225	400	34.89	0
1478	300	375	34.89	0
1479	275	375.0015625	34.89	0
1480	250	375.003125	34.89	0
1481	225	375.0046875	34.89	0
1482	300	350	34.89	0
1483	275	350.003125	34.89	0
1484	250	350.00625	34.89	0
1485	225	350.009375	34.89	0
1486	300	325	34.89	0
1487	275	325.0046875	34.89	0
1488	250	325.009375	34.89	0
1489	225	325.0140625	34.89	0
1490	275	300.00625	34.89	0
1491	250	300.0125	34.89	0
1492	225	300.01875	34.89	0
1493	400	400	34.89	0
1494	375	400	34.89	0
1495	350	400	34.89	0
1496	325	400	34.89	0
1497	400	375	34.89	0
1498	375	375	34.89	0
1499	350	375	34.89	0
1500	325	375	34.89	0
1501	400	350	34.89	0
1502	375	350	34.89	0
1503	350	350	34.89	0
1504	325	350	34.89	0
1505	400	325	34.89	0
1506	375	325	34.89	0
1507	350	325	34.89	0
1508	325	325	34.89	0
1509	100	100	44.64	0
1510	75	100	44.64	0
1511	50	100	44.64	0
1512	25	100	44.64	0
1513	0	100	44.64	0
1514	100	75	44.64	0
1515	75	75	44.64	0
1516	50	75	44.64	0
1517	25	75	44.64	0
1518	0	75	44.64	0
1519	100	50	44.64	0
1520	75	50	44.64	0
1521	50	50	44.64	0
1522	25	50	44.64	0
1523	0	50	44.64	0
1524	100	25	44.64	0
1525	75	25	44.64	0
1526	50	25	44.64	0
1527	25	25	44.64	0
1528	0	25	44.64	0
1529	100	0	44.64	0
1530	75	0	44.64	0
1531	50	0	44.64	0
1532	25	0	44.64	0
1533	0	0	44.64	0
1534	200	99.975	44.64	0
1535	175	99.98125	44.64	0
1536	150	99.9875	44.64	0
1537	125	99.99375	44.64	0
1538	200	74.98125	44.64	0
1539	175	74.9859375	44.64	0
1540	150	74.990625	44.64	0
1541	125	74.9953125	44.64	0
1542	200	49.9875	44.64	0
1543	175	49.990625	44.64	0
1544	150	49.99375	44.64	0
1545	125	49.996875	44.64	0
1546	200	24.99375	44.64	0
1547	175	24.9953125	44.64	0
1548	150	24.996875	44.64	0
1549	125	24.9984375	44.64	0
1550	200	0	44.64	0
1551	175	0	44.64	0
1552	150	0	44.64	0
1553	125	0	44.64	0
1554	300	100	44.64	0
1555	275	99.99375	44.64	0
1556	250	99.9875	44.64	0
1557	225	99.98125	44.64	0
1558	300	75	44.64	0
1559	275	74.9953125	44.64	0
1560	250	74.990625	44.64	0
1561	225	74.9859375	44.64	0
1562	300	50	44.64	0
1563	275	49.996875	44.64	0
1564	250	49.99375	44.64	0
1565	225	49.990625	44.64	0
1566	300	25	44.64	0
1567	275	24.9984375	44.64	0
1568	250	24.996875	44.64	0
1569	225	24.9953125	44.64	0
1570	300	0	44.64	0
1571	275	0	44.64	0
1572	250	0	44.64	0
1573	225	0	44.64	0
1574	400	100	44.64	0
1575	375	100	44.64	0
1576	350	100	44.64	0
1577	325	100	44.64	0
1578	400	75	44.64	0
1579	375	75	44.64	0
1580	350	75	44.64	0
1581	325	75	44.64	0
1582	400	50	44.64	0
1583	375	50	44.64	0
1584	350	50	44.64	0
1585	325	50	44.64	0
1586	400	25	44.64	0
1587	375	25	44.64	0
1588	350	25	44.64	0
1589	325	25	44.64	0
1590	400	0	44.64	0
1591	375	0	44.64	0
1592	350	0	44.64	0
1593	325	0	44.64	0
1594	100	200	44.64	0
1595	75	200	44.64	0
1596	50	200	44.64	0
1597	25	200	44.64	0
1598	0	200	44.64	0
1599	100	175	44.64	0
1600	75	175	44.64	0
1601	50	175	44.64	0
1602	25	175	44.64	0
1603	0	175	44.64	0
1604	100	150	44.64	0
1605	75	150	44.64	0
1606	50	150	44.64	0
1607	25	150	44.64	0
1608	0	150	44.64	0
1609	100	125	44.64	0
1610	75	125	44.64	0
1611	50	125	44.64	0
1612	25	125	44.64	0
1613	0	125	44.64	0
1614	200	199.975	44.64	0
1615	175	199.98125	44.64	0
1616	150	199.9875	44.64	0
1617	125	199.99375	44.64	0
1618	200	174.9875	44.64	0
1619	175	174.990625	44.64	0
1620	150	174.99375	44.64	0
1621	125	174.996875	44.64	0
1622	200	150	44.64	0
1623	175	150	44.64	0
1624	150	150	44.64	0
1625	125	150	44.64	0
1626	200	125.0125	44.64	0
1627	175	125.009375	44.64	0
1628	150	125.00625	44.64	0
1629	125	125.003125	44.64	0
1630	200	100.025	44.64	0
1631	175	100.01875	44.64	0
1632	150	100.0125	44.64	0
1633	125	100.00625	44.64	0
1634	300	200	44.64	0
1635	275	199.99375	44.64	0
1636	250	199.9875	44.64	0
1637	225	199.98125	44.64	0
1638	300	175	44.64	0
1639	275	174.996875	44.64	0
1640	250	174.99375	44.64	0
1641	225	174.990625	44.64	0
1642	300	150	44.64	0
1643	275	150	44.64	0
1644	250	150	44.64	0
1645	225	150	44.64	0
1646	300	125	44.64	0
1647	275	125.003125	44.64	0
1648	250	125.00625	44.64	0
1649	225	125.009375	44.64	0
1650	275	100.00625	44.64	0
1651	250	100.0125	44.64	0
1652	225	100.01875	44.64	0
1653	400	200	44.64	0
1654	375	200	44.64	0
1655	350	200	44.64	0
1656	325	200	44.64	0
1657	400	175	44.64	0
1658	375	175	44.64	0
1659	350	175	44.64	0
1660	325	175	44.64	0
1661	400	150	44.64	0
1662	375	150	44.64	0
1663	350	150	44.64	0
1664	325	150	44.64	0
1665	400	125	44.64	0
1666	375	125	44.64	0
1667	350	125	44.64	0
1668	325	125	44.64	0
1669	100	300	44.64	0
1670	75	300	44.64	0
1671	50	300	44.64	0
1672	25	300	44.64	0
1673	0	300	44.64	0
1674	100	275	44.64	0
1675	75	275	44.64	0
1676	50	275	44.64	0
1677	25	275	44.64	0
1678	0	275	44.64	0
1679	100	250	44.64	0
1680	75	250	44.64	0
1681	50	250	44.64	0
1682	25	250	44.64	0
1683	0	250	44.64	0
1684	100	225	44.64	0
1685	75	225	44.64	0
1686	50	225	44.64	0
1687	25	225	44.64	0
1688	0	225	44.64	0
1689	200	299.975	44.64	0
1690	175	299.98125	44.64	0
1691	150	299.9875	44.64	0
1692	125	299.99375	44.64	0
1693	200	274.9875	44.64	0
1694	175	274.990625	44.64	0
1695	150	274.99375	44.64	0
1696	125	274.996875	44.64	0
1697	200	250	44.64	0
1698	175	250	44.64	0
1699	150	250	44.64	0
1700	125	250	44.64	0
1701	200	225.0125	44.64	0
1702	175	225.009375	44.64	0
1703	150	225.00625	44.64	0
1704	125	225.003125	44.64	0
1705	200	200.025	44.64	0
1706	175	200.01875	44.64	0
1707	150	200.0125	44.64	0
1708	125	200.00625	44.64	0
1709	300	300	44.64	0
1710	275	299.99375	44.64	0
1711	250	299.9875	44.64	0
1712	225	299.98125	44.64	0
1713	300	275	44.64	0
1714	275	274.996875	44.64	0
1715	250	274.99375	44.64	0
1716	225	274.990625	44.64	0
1717	300	250	44.64	0
1718	275	250	44.64	0
1719	250	250	44.64	0
1720	225	250	44.64	0
1721	300	225	44.64	0
1722	275	225.003125	44.64	0
1723	250	225.00625	44.64	0
1724	225	225.009375	44.64	0
1725	275	200.00625	44.64	0
1726	250	200.0125	44.64	0
1727	225	200.01875	44.64	0
1728	400	300	44.64	0
1729	375	300	44.64	0
1730	350	300	44.64	0
1731	325	300	44.64	0
1732	400	275	44.64	0
1733	375	275	44.64	0
1734	350	275	44.64	0
1735	325	275	44.64	0
1736	400	250	44.64	0
1737	375	250	44.64	0
1738	350	250	44.64	0
1739	325	250	44.64	0
1740	400	225	44.64	0
1741	375	225	44.64	0
1742	350	225	44.64	0
1743	325	225	44.64	0
1744	100	400	44.64	0
1745	75	400	44.64	0
1746	50	400	44.64	0
1747	25	400	44.64	0
1748	0	400	44.64	0
1749	100	375	44.64	0
1750	75	375	44.64	0
1751	50	375	44.64	0
1752	25	375	44.64	0
1753	0	375	44.64	0
1754	100	350	44.64	0
1755	75	350	44.64	0
1756	50	350	44.64	0
1757	25	350	44.64	0
1758	0	350	44.64	0
1759	100	325	44.64	0
1760	75	325	44.64	0
1761	50	325	44.64	0
1762	25	325	44.64	0
1763	0	325	44.64	0
1764	200	400	44.64	0
1765	175	400	44.64	0
1766	150	400	44.64	0
1767	125	400	44.64	0
1768	200	375.00625	44.64	0
1769	175	375.0046875	44.64	0
1770	150	375.003125	44.64	0
1771	125	375.0015625	44.64	0
1772	200	350.0125	44.64	0
1773	175	350.009375	44.64	0
1774	150	350.00625	44.64	0
1775	125	350.003125	44.64	0
1776	200	325.01875	44.64	0
1777	175	325.0140625	44.64	0
1778	150	325.009375	44.64	0
1779	125	325.0046875	44.64	0
1780	200	300.025	44.64	0
1781	175	300.01875	44.64	0
1782	150	300.0125	44.64	0
1783	125	300.00625	44.64	0
1784	300	400	44.64	0
1785	275	400	44.64	0
1786	250	400	44.64	0
1787	225	400	44.64	0
1788	300	375	44.64	0
1789	275	375.0015625	44.64	0
1790	250	375.003125	44.64	0
1791	225	375.0046875	44.64	0
1792	300	350	44.64	0
1793	275	350.003125	44.64	0
1794	250	350.00625	44.64	0
1795	225	350.009375	44.64	0
1796	300	325	44.64	0
1797	275	325.0046875	44.64	0
1798	250	325.009375	44.64	0
1799	225	325.0140625	44.64	0
1800	275	300.00625	44.64	0
1801	250	300.0125	44.64	0
1802	225	300.01875	44.64	0
1803	400	400	44.64	0
1804	375	400	44.64	0
1805	350	400	44.64	0
1806	325	400	44.64	0
1807	400	375	44.64	0
1808	375	375	44.64	0
1809	350	375	44.64	0
1810	325	375	44.64	0
1811	400	350	44.64	0
1812	375	350	44.64	0
1813	350	350	44.64	0
1814	325	350	44.64	0
1815	400	325	44.64	0
1816	375	325	44.64	0
1817	350	325	44.64	0
1818	325	325	44.64	0
1819	100	100	54.55	0
1820	75	100	54.55	0
1821	50	100	54.55	0
1822	25	100	54.55	0
1823	0	100	54.55	0
1824	100	75	54.55	0
1825	75	75	54.55	0
1826	50	75	54.55	0
1827	25	75	54.55	0
1828	0	75	54.55	0
1829	100	50	54.55	0
1830	75	50	54.55	0
1831	50	50	54.55	0
1832	25	50	54.55	0
1833	0	50	54.55	0
1834	100	25	54.55	0
1835	75	25	54.55	0
1836	50	25	54.55	0
1837	25	25	54.55	0
1838	0	25	54.55	0
1839	100	0	54.55	0
1840	75	0	54.55	0
1841	50	0	54.55	0
1842	25	0	54.55	0
1843	0	0	54.55	0
1844	200	100	54.55	0
1845	175	100	54.55	0
1846	150	100	54.55	0
1847	125	100	54.55	0
1848	200	75	54.55	0
1849	175	75	54.55	0
1850	150	75	54.55	0
1851	125	75	54.55	0
1852	200	50	54.55	0
1853	175	50	54.55	0
1854	150	50	54.55	0
1855	125	50	54.55	0
1856	200	25	54.55	0
1857	175	25	54.55	0
1858	150	25	54.55	0
1859	125	25	54.55	0
1860	200	0	54.55	0
1861	175	0	54.55	0
1862	150	0	54.55	0
1863	125	0	54.55	0
1864	300	100	54.55	0
1865	275	100	54.55	0
1866	250	100	54.55	0
1867	225	100	54.55	0
1868	300	75	54.55	0
1869	275	75	54.55	0
1870	250	75	54.55	0
1871	225	75	54.55	0
1872	300	50	54.55	0
1873	275	50	54.55	0
1874	250	50	54.55	0
1875	225	50	54.55	0
1876	300	25	54.55	0
1877	275	25	54.55	0
1878	250	25	54.55	0
1879	225	25	54.55	0
1880	300	0	54.55	0
1881	275	0	54.55	0
1882	250	0	54.55	0
1883	225	0	54.55	0
1884	400	100	54.55	0
1885	375	100	54.55	0
1886	350	100	54.55	0
1887	325	100	54.55	0
1888	400	75	54.55	0
1889	375	75	54.55	0
1890	350	75	54.55	0
1891	325	75	54.55	0
1892	400	50	54.55	0
1893	375	50	54.55	0
1894	350	50	54.55	0
1895	325	50	54.55	0
1896	400	25	54.55	0
1897	375	25	54.55	0
1898	350	25	54.55	0
1899	325	25	54.55	0
1900	400	0	54.55	0
1901	375	0	54.55	0
1902	350	0	54.55	0
1903	325	0	54.55	0
1904	100	200	54.55	0
1905	75	200	54.55	0
1906	50	200	54.55	0
1907	25	200	54.55	0
1908	0	200	54.55	0
1909	100	175	54.55	0
1910	75	175	54.55	0
1911	50	175	54.55	0
1912	25	175	54.55	0
1913	0	175	54.55	0
1914	100	150	54.55	0
1915	75	150	54.55	0
1916	50	150	54.55	0
1917	25	150	54.55	0
1918	0	150	54.55	0
1919	100	125	54.55	0
1920	75	125	54.55	0
1921	50	125	54.55	0
1922	25	125	54.55	0
1923	0	125	54.55	0
1924	200	200	54.55	0
1925	175	200	54.55	0
1926	150	200	54.55	0
1927	125	200	54.55	0
1928	200	175	54.55	0
1929	175	175	54.55	0
1930	150	175	54.55	0
1931	125	175	54.55	0
1932	200	150	54.55	0
1933	175	150	54.55	0
1934	150	150	54.55	0
1935	125	150	54.55	0
1936	200	125	54.55	0
1937	175	125	54.55	0
1938	150	125	54.55	0
1939	125	125	54.55	0
1940	300	200	54.55	0
1941	275	200	54.55	0
1942	250	200	54.55	0
1943	225	200	54.55	0
1944	300	175	54.55	0
1945	275	175	54.55	0
1946	250	175	54.55	0
1947	225	175	54.55	0
1948	300	150	54.55	0
1949	275	150	54.55	0
1950	250	150	54.55	0
1951	225	150	54.55	0
1952	300	125	54.55	0
1953	275	125	54.55	0
1954	250	125	54.55	0
1955	225	125	54.55	0
1956	400	200	54.55	0
1957	375	200	54.55	0
1958	350	200	54.55	0
1959	325	200	54.55	0
1960	400	175	54.55	0
1961	375	175	54.55	0
1962	350	175	54.55	0
1963	325	175	54.55	0
1964	400	150	54.55	0
1965	375	150	54.55	0
1966	350	150	54.55	0
1967	325	150	54.55	0
1968	400	125	54.55	0
1969	375	125	54.55	0
1970	350	125	54.55	0
1971	325	125	54.55	0
1972	100	300	54.55	0
1973	75	300	54.55	0
1974	50	300	54.55	0
1975	25	300	54.55	0
1976	0	300	54.55	0
1977	100	275	54.55	0
1978	75	275	54.55	0
1979	50	275	54.55	0
1980	25	275	54.55	0
1981	0	275	54.55	0
1982	100	250	54.55	0
1983	75	250	54.55	0
1984	50	250	54.55	0
1985	25	250	54.55	0
1986	0	250	54.55	0
1987	100	225	54.55	0
1988	75	225	54.55	0
1989	50	225	54.55	0
1990	25	225	54.55	0
1991	0	225	54.55	0
1992	200	300	54.55	0
1993	175	300	54.55	0
1994	150	300	54.55	0
1995	125	300	54.55	0
1996	200	275	54.55	0
1997	175	275	54.55	0
1998	150	275	54.55	0
1999	125	275	54.55	0
2000	200	250	54.55	0
2001	175	250	54.55	0
2002	150	250	54.55	0
2003	125	250	54.55	0
2004	200	225	54.55	0
2005	175	225	54.55	0
2006	150	225	54.55	0
2007	125	225	54.55	0
2008	300	300	54.55	0
2009	275	300	54.55	0
2010	250	300	54.55	0
2011	225	300	54.55	0
2012	300	275	54.55	0
2013	275	275	54.55	0
2014	250	275	54.55	0
2015	225	275	54.55	0
2016	300	250	54.55	0
2017	275	250	54.55	0
2018	250	250	54.55	0
2019	225	250	54.55	0
2020	300	225	54.55	0
2021	275	225	54.55	0
2022	250	225	54.55	0
2023	225	225	54.55	0
2024	400	300	54.55	0
2025	375	300	54.55	0
2026	350	300	54.55	0
2027	325	300	54.55	0
2028	400	275	54.55	0
2029	375	275	54.55	0
2030	350	275	54.55	0
2031	325	275	54.55	0
2032	400	250	54.55	0
2033	375	250	54.55	0
2034	350	250	54.55	0
2035	325	250	54.55	0
2036	400	225	54.55	0
2037	375	225	54.55	0
2038	350	225	54.55	0
2039	325	225	54.55	0
2040	100	400	54.55	0
2041	75	400	54.55	0
2042	50	400	54.55	0
2043	25	400	54.55	0
2044	0	400	54.55	0
2045	100	375	54.55	0
2046	75	375	54.55	0
2047	50	375	54.55	0
2048	25	375	54.55	0
2049	0	375	54.55	0
2050	100	350	54.55	0
2051	75	350	54.55	0
2052	50	350	54.55	0
2053	25	350	54.55	0
2054	0	350	54.55	0
2055	100	325	54.55	0
2056	75	325	54.55	0
2057	50	325	54.55	0
2058	25	325	54.55	0
2059	0	325	54.55	0
2060	200	400	54.55	0
2061	175	400	54.55	0
2062	150	400	54.55	0
2063	125	400	54.55	0
2064	200	375	54.55	0
2065	175	375	54.55	0
2066	150	375	54.55	0
2067	125	375	54.55	0
2068	200	350	54.55	0
2069	175	350	54.55	0
2070	150	350	54.55	0
2071	125	350	54.55	0
2072	200	325	54.55	0
2073	175	325	54.55	0
2074	150	325	54.55	0
2075	125	325	54.55	0
2076	300	400	54.55	0
2077	275	400	54.55	0
2078	250	400	54.55	0
2079	225	400	54.55	0
2080	300	375	54.55	0
2081	275	375	54.55	0
2082	250	375	54.55	0
2083	225	375	54.55	0
2084	300	350	54.55	0
2085	275	350	54.55	0
2086	250	350	54.55	0
2087	225	350	54.55	0
2088	300	325	54.55	0
2089	275	325	54.55	0
2090	250	325	54.55	0
2091	225	325	54.55	0
2092	400	400	54.55	0
2093	375	400	54.55	0
2094	350	400	54.55	0
2095	325	400	54.55	0
2096	400	375	54.55	0
2097	375	375	54.55	0
2098	350	375	54.55	0
2099	325	375	54.55	0
2100	400	350	54.55	0
2101	375	350	54.55	0
2102	350	350	54.55	0
2103	325	350	54.55	0
2104	400	325	54.55	0
2105	375	325	54.55	0
2106	350	325	54.55	0
2107	325	325	54.55	0
2108	100	100	56.78	0
2109	75	100	56.78	0
2110	50	100	56.78	0
2111	25	100	56.78	0
2112	0	100	56.78	0
2113	100	75	56.78	0
2114	75	75	56.78	0
2115	50	75	56.78	0
2116	25	75	56.78	0
2117	0	75	56.78	0
2118	100	50	56.78	0
2119	75	50	56.78	0
2120	50	50	56.78	0
2121	25	50	56.78	0
2122	0	50	56.78	0
2123	100	25	56.78	0
2124	75	25	56.78	0
2125	50	25	56.78	0
2126	25	25	56.78	0
2127	0	25	56.78	0
2128	100	0	56.78	0
2129	75	0	56.78	0
2130	50	0	56.78	0
2131	25	0	56.78	0
2132	0	0	56.78	0
2133	200	100	56.78	0
2134	175	100	56.78	0
2135	150	100	56.78	0
2136	125	100	56.78	0
2137	200	75	56.78	0
2138	175	75	56.78	0
2139	150	75	56.78	0
2140	125	75	56.78	0
2141	200	50	56.78	0
2142	175	50	56.78	0
2143	150	50	56.78	0
2144	125	50	56.78	0
2145	200	25	56.78	0
2146	175	25	56.78	0
2147	150	25	56.78	0
2148	125	25	56.78	0
2149	200	0	56.78	0
2150	175	0	56.78	0
2151	150	0	56.78	0
2152	125	0	56.78	0
2153	300	100	56.78	0
2154	275	100	56.78	0
2155	250	100	56.78	0
2156	225	100	56.78	0
2157	300	75	56.78	0
2158	275	75	56.78	0
2159	250	75	56.78	0
2160	225	75	56.78	0
2161	300	50	56.78	0
2162	275	50	56.78	0
2163	250	50	56.78	0
2164	225	50	56.78	0
2165	300	25	56.78	0
2166	275	25	56.78	0
2167	250	25	56.78	0
2168	225	25	56.78	0
2169	300	0	56.78	0
2170	275	0	56.78	0
2171	250	0	56.78	0
2172	225	0	56.78	0
2173	400	100	56.78	0
2174	375	100	56.78	0
2175	350	100	56.78	0
2176	325	100	56.78	0
2177	400	75	56.78	0
2178	375	75	56.78	0
2179	350	75	56.78	0
2180	325	75	56.78	0
2181	400	50	56.78	0
2182	375	50	56.78	0
2183	350	50	56.78	0
2184	325	50	56.78	0
2185	400	25	56.78	0
2186	375	25	56.78	0
2187	350	25	56.78	0
2188	325	25	56.78	0
2189	400	0	56.78	0
2190	375	0	56.78	0
2191	350	0	56.78	0
2192	325	0	56.78	0
2193	100	200	56.78	0
2194	75	200	56.78	0
2195	50	200	56.78	0
2196	25	200	56.78	0
2197	0	200	56.78	0
2198	100	175	56.78	0
2199	75	175	56.78	0
2200	50	175	56.78	0
2201	25	175	56.78	0
2202	0	175	56.78	0
2203	100	150	56.78	0
2204	75	150	56.78	0
2205	50	150	56.78	0
2206	25	150	56.78	0
2207	0	150	56.78	0
2208	100	125	56.78	0
2209	75	125	56.78	0
2210	50	125	56.78	0
2211	25	125	56.78	0
2212	0	125	56.78	0
2213	200	200	56.78	0
2214	175	200	56.78	0
2215	150	200	56.78	0
2216	125	200	56.78	0
2217	200	175	56.78	0
2218	175	175	56.78	0
2219	150	175	56.78	0
2220	125	175	56.78	0
2221	200	150	56.78	0
2222	175	150	56.78	0
2223	150	150	56.78	0
2224	125	150	56.78	0
2225	200	125	56.78	0
2226	175	125	56.78	0
2227	150	125	56.78	0
2228	125	125	56.78	0
2229	300	200	56.78	0
2230	275	200	56.78	0
2231	250	200	56.78	0
2232	225	200	56.78	0
2233	300	175	56.78	0
2234	275	175	56.78	0
2235	250	175	56.78	0
2236	225	175	56.78	0
2237	300	150	56.78	0
2238	275	150	56.78	0
2239	250	150	56.78	0
2240	225	150	56.78	0
2241	300	125	56.78	0
2242	275	125	56.78	0
2243	250	125	56.78	0
2244	225	125	56.78	0
2245	400	200	56.78	0
2246	375	200	56.78	0
2247	350	200	56.78	0
2248	325	200	56.78	0
2249	400	175	56.78	0
2250	375	175	56.78	0
2251	350	175	56.78	0
2252	325	175	56.78	0
2253	400	150	56.78	0
2254	375	150	56.78	0
2255	350	150	56.78	0
2256	325	150	56.78	0
2257	400	125	56.78	0
2258	375	125	56.78	0
2259	350	125	56.78	0
2260	325	125	56.78	0
2261	100	300	56.78	0
2262	75	300	56.78	0
2263	50	300	56.78	0
2264	25	300	56.78	0
2265	0	300	56.78	0
2266	100	275	56.78	0
2267	75	275	56.78	0
2268	50	275	56.78	0
2269	25	275	56.78	0
2270	0	275	56.78	0
2271	100	250	56.78	0
2272	75	250	56.78	0
2273	50	250	56.78	0
2274	25	250	56.78	0
2275	0	250	56.78	0
2276	100	225	56.78	0
2277	75	225	56.78	0
2278	50	225	56.78	0
2279	25	225	56.78	0
2280	0	225	56.78	0
2281	200	300	56.78	0
2282	175	300	56.78	0
2283	150	300	56.78	0
2284	125	300	56.78	0
2285	200	275	56.78	0
2286	175	275	56.78	0
2287	150	275	56.78	0
2288	125	275	56.78	0
2289	200	250	56.78	0
2290	175	250	56.78	0
2291	150	250	56.78	0
2292	125	250	56.78	0
2293	200	225	56.78	0
2294	175	225	56.78	0
2295	150	225	56.78	0
2296	125	225	56.78	0
2297	300	300	56.78	0
2298	275	300	56.78	0
2299	250	300	56.78	0
2300	225	300	56.78	0
2301	300	275	56.78	0
2302	275	275	56.78	0
2303	250	275	56.78	0
2304	225	275	56.78	0
2305	300	250	56.78	0
2306	275	250	56.78	0
2307	250	250	56.78	0
2308	225	250	56.78	0
2309	300	225	56.78	0
2310	275	225	56.78	0
2311	250	225	56.78	0
2312	225	225	56.78	0
2313	400	300	56.78	0
2314	375	300	56.78	0
2315	350	300	56.78	0
2316	325	300	56.78	0
2317	400	275	56.78	0
2318	375	275	56.78	0
2319	350	275	56.78	0
2320	325	275	56.78	0
2321	400	250	56.78	0
2322	375	250	56.78	0
2323	350	250	56.78	0
2324	325	250	56.78	0
2325	400	225	56.78	0
2326	375	225	56.78	0
2327	350	225	56.78	0
2328	325	225	56.78	0
2329	100	400	56.78	0
2330	75	400	56.78	0
2331	50	400	56.78	0
2332	25	400	56.78	0
2333	0	400	56.78	0
2334	100	375	56.78	0
2335	75	375	56.78	0
2336	50	375	56.78	0
2337	25	375	56.78	0
2338	0	375	56.78	0
2339	100	350	56.78	0
2340	75	350	56.78	0
2341	50	350	56.78	0
2342	25	350	56.78	0
2343	0	350	56.78	0
2344	100	325	56.78	0
2345	75	325	56.78	0
2346	50	325	56.78	0
2347	25	325	56.78	0
2348	0	325	56.78	0
2349	200	400	56.78	0
2350	175	400	56.78	0
2351	150	400	56.78	0
2352	125	400	56.78	0
2353	200	375	56.78	0
2354	175	375	56.78	0
2355	150	375	56.78	0
2356	125	375	56.78	0
2357	200	350	56.78	0
2358	175	350	56.78	0
2359	150	350	56.78	0
2360	125	350	56.78	0
2361	200	325	56.78	0
2362	175	325	56.78	0
2363	150	325	56.78	0
2364	125	325	56.78	0
2365	300	400	56.78	0
2366	275	400	56.78	0
2367	250	400	56.78	0
2368	225	400	56.78	0
2369	300	375	56.78	0
2370	275	375	56.78	0
2371	250	375	56.78	0
2372	225	375	56.78	0
2373	300	350	56.78	0
2374	275	350	56.78	0
2375	250	350	56.78	0
2376	225	350	56.78	0
2377	300	325	56.78	0
2378	275	325	56.78	0
2379	250	325	56.78	0
2380	225	325	56.78	0
2381	400	400	56.78	0
2382	375	400	56.78	0
2383	350	400	56.78	0
2384	325	400	56.78	0
2385	400	375	56.78	0
2386	375	375	56.78	0
2387	350	375	56.78	0
2388	325	375	56.78	0
2389	400	350	56.78	0
2390	375	350	56.78	0
2391	350	350	56.78	0
2392	325	350	56.78	0
2393	400	325	56.78	0
2394	375	325	56.78	0
2395	350	325	56.78	0
2396	325	325	56.78	0
2397	100	100	61.56	0
2398	75	100	61.56	0
2399	50	100	61.56	0
2400	25	100	61.56	0
2401	0	100	61.56	0
2402	100	75	61.56	0
2403	75	75	61.56	0
2404	50	75	61.56	0
2405	25	75	61.56	0
2406	0	75	61.56	0
2407	100	50	61.56	0
2408	75	50	61.56	0
2409	50	50	61.56	0
2410	25	50	61.56	0
2411	0	50	61.56	0
2412	100	25	61.56	0
2413	75	25	61.56	0
2414	50	25	61.56	0
2415	25	25	61.56	0
2416	0	25	61.56	0
2417	100	0	61.56	0
2418	75	0	61.56	0
2419	50	0	61.56	0
2420	25	0	61.56	0
2421	0	0	61.56	0
2422	200	100	61.56	0
2423	175	100	61.56	0
2424	150	100	61.56	0
2425	125	100	61.56	0
2426	200	75	61.56	0
2427	175	75	61.56	0
2428	150	75	61.56	0
2429	125	75	61.56	0
2430	200	50	61.56	0
2431	175	50	61.56	0
2432	150	50	61.56	0
2433	125	50	61.56	0
2434	200	25	61.56	0
2435	175	25	61.56	0
2436	150	25	61.56	0
2437	125	25	61.56	0
2438	200	0	61.56	0
2439	175	0	61.56	0
2440	150	0	61.56	0
2441	125	0	61.56	0
2442	300	100	61.56	0
2443	275	100	61.56	0
2444	250	100	61.56	0
2445	225	100	61.56	0
2446	300	75	61.56	0
2447	275	75	61.56	0
2448	250	75	61.56	0
2449	225	75	61.56	0
2450	300	50	61.56	0
2451	275	50	61.56	0
2452	250	50	61.56	0
2453	225	50	61.56	0
2454	300	25	61.56	0
2455	275	25	61.56	0
2456	250	25	61.56	0
2457	225	25	61.56	0
2458	300	0	61.56	0
2459	275	0	61.56	0
2460	250	0	61.56	0
2461	225	0	61.56	0
2462	400	100	61.56	0
2463	375	100	61.56	0
2464	350	100	61.56	0
2465	325	100	61.56	0
2466	400	75	61.56	0
2467	375	75	61.56	0
2468	350	75	61.56	0
2469	325	75	61.56	0
2470	400	50	61.56	0
2471	375	50	61.56	0
2472	350	50	61.56	0
2473	325	50	61.56	0
2474	400	25	61.56	0
2475	375	25	61.56	0
2476	350	25	61.56	0
2477	325	25	61.56	0
2478	400	0	61.56	0
2479	375	0	61.56	0
2480	350	0	61.56	0
2481	325	0	61.56	0
2482	100	200	61.56	0
2483	75	200	61.56	0
2484	50	200	61.56	0
2485	25	200	61.56	0
2486	0	200	61.56	0
2487	100	175	61.56	0
2488	75	175	61.56	0
2489	50	175	61.56	0
2490	25	175	61.56	0
2491	0	175	61.56	0
2492	100	150	61.56	0
2493	75	150	61.56	0
2494	50	150	61.56	0
2495	25	150	61.56	0
2496	0	150	61.56	0
2497	100	125	61.56	0
2498	75	125	61.56	0
2499	50	125	61.56	0
2500	25	125	61.56	0
2501	0	125	61.56	0
2502	200	200	61.56	0
2503	175	200	61.56	0
2504	150	200	61.56	0
2505	125	200	61.56	0
2506	200	175	61.56	0
2507	175	175	61.56	0
2508	150	175	61.56	0
2509	125	175	61.56	0
2510	200	150	61.56	0
2511	175	150	61.56	0
2512	150	150	61.56	0
2513	125	150	61.56	0
2514	200	125	61.56	0
2515	175	125	61.56	0
2516	150	125	61.56	0
2517	125	125	61.56	0
2518	300	200	61.56	0
2519	275	200	61.56	0
2520	250	200	61.56	0
2521	225	200	61.56	0
2522	300	175	61.56	0
2523	275	175	61.56	0
2524	250	175	61.56	0
2525	225	175	61.56	0
2526	300	150	61.56	0
2527	275	150	61.56	0
2528	250	150	61.56	0
2529	225	150	61.56	0
2530	300	125	61.56	0
2531	275	125	61.56	0
2532	250	125	61.56	0
2533	225	125	61.56	0
2534	400	200	61.56	0
2535	375	200	61.56	0
2536	350	200	61.56	0
2537	325	200	61.56	0
2538	400	175	61.56	0
2539	375	175	61.56	0
2540	350	175	61.56	0
2541	325	175	61.56	0
2542	400	150	61.56	0
2543	375	150	61.56	0
2544	350	150	61.56	0
2545	325	150	61.56	0
2546	400	125	61.56	0
2547	375	125	61.56	0
2548	350	125	61.56	0
2549	325	125	61.56	0
2550	100	300	61.56	0
2551	75	300	61.56	0
2552	50	300	61.56	0
2553	25	300	61.56	0
2554	0	300	61.56	0
2555	100	275	61.56	0
2556	75	275	61.56	0
2557	50	275	61.56	0
2558	25	275	61.56	0
2559	0	275	61.56	0
2560	100	250	61.56	0
2561	75	250	61.56	0
2562	50	250	61.56	0
2563	25	250	61.56	0
2564	0	250	61.56	0
2565	100	225	61.56	0
2566	75	225	61.56	0
2567	50	225	61.56	0
2568	25	225	61.56	0
2569	0	225	61.56	0
2570	200	300	61.56	0
2571	175	300	61.56	0
2572	150	300	61.56	0
2573	125	300	61.56	0
2574	200	275	61.56	0
2575	175	275	61.56	0
2576	150	275	61.56	0
2577	125	275	61.56	0
2578	200	250	61.56	0
2579	175	250	61.56	0
2580	150	250	61.56	0
2581	125	250	61.56	0
2582	200	225	61.56	0
2583	175	225	61.56	0
2584	150	225	61.56	0
2585	125	225	61.56	0
2586	300	300	61.56	0
2587	275	300	61.56	0
2588	250	300	61.56	0
2589	225	300	61.56	0
2590	300	275	61.56	0
2591	275	275	61.56	0
2592	250	275	61.56	0
2593	225	275	61.56	0
2594	300	250	61.56	0
2595	275	250	61.56	0
2596	250	250	61.56	0
2597	225	250	61.56	0
2598	300	225	61.56	0
2599	275	225	61.56	0
2600	250	225	61.56	0
2601	225	225	61.56	0
2602	400	300	61.56	0
2603	375	300	61.56	0
2604	350	300	61.56	0
2605	325	300	61.56	0
2606	400	275	61.56	0
2607	375	275	61.56	0
2608	350	275	61.56	0
2609	325	275	61.56	0
2610	400	250	61.56	0
2611	375	250	61.56	0
2612	350	250	61.56	0
2613	325	250	61.56	0
2614	400	225	61.56	0
2615	375	225	61.56	0
2616	350	225	61.56	0
2617	325	225	61.56	0
2618	100	400	61.56	0
2619	75	400	61.56	0
2620	50	400	61.56	0
2621	25	400	61.56	0
2622	0	400	61.56	0
2623	100	375	61.56	0
2624	75	375	61.56	0
2625	50	375	61.56	0
2626	25	375	61.56	0
2627	0	375	61.56	0
2628	100	350	61.56	0
2629	75	350	61.56	0
2630	50	350	61.56	0
2631	25	350	61.56	0
2632	0	350	61.56	0
2633	100	325	61.56	0
2634	75	325	61.56	0
2635	50	325	61.56	0
2636	25	325	61.56	0
2637	0	325	61.56	0
2638	200	400	61.56	0
2639	175	400	61.56	0
2640	150	400	61.56	0
2641	125	400	61.56	0
2642	200	375	61.56	0
2643	175	375	61.56	0
2644	150	375	61.56	0
2645	125	375	61.56	0
2646	200	350	61.56	0
2647	175	350	61.56	0
2648	150	350	61.56	0
2649	125	350	61.56	0
2650	200	325	61.56	0
2651	175	325	61.56	0
2652	150	325	61.56	0
2653	125	325	61.56	0
2654	300	400	61.56	0
2655	275	400	61.56	0
2656	250	400	61.56	0
2657	225	400	61.56	0
2658	300	375	61.56	0
2659	275	375	61.56	0
2660	250	375	61.56	0
2661	225	375	61.56	0
2662	300	350	61.56	0
2663	275	350	61.56	0
2664	250	350	61.56	0
2665	225	350	61.56	0
2666	300	325	61.56	0
2667	275	325	61.56	0
2668	250	325	61.56	0
2669	225	325	61.56	0
2670	400	400	61.56	0
2671	375	400	61.56	0
2672	350	400	61.56	0
2673	325	400	61.56	0
2674	400	375	61.56	0
2675	375	375	61.56	0
2676	350	375	61.56	0
2677	325	375	61.56	0
2678	400	350	61.56	0
2679	375	350	61.56	0
2680	350	350	61.56	0
2681	325	350	61.56	0
2682	400	325	61.56	0
2683	375	325	61.56	0
2684	350	325	61.56	0
2685	325	325	61.56	0
2686	100	100	64.15	0
2687	75	100	64.15	0
2688	50	100	64.15	0
2689	25	100	64.15	0
2690	0	100	64.15	0
2691	100	75	64.15	0
2692	75	75	64.15	0
2693	50	75	64.15	0
2694	25	75	64.15	0
2695	0	75	64.15	0
2696	100	50	64.15	0
2697	75	50	64.15	0
2698	50	50	64.15	0
2699	25	50	64.15	0
2700	0	50	64.15	0
2701	100	25	64.15	0
2702	75	25	64.15	0
2703	50	25	64.15	0
2704	25	25	64.15	0
2705	0	25	64.15	0
2706	100	0	64.15	0
2707	75	0	64.15	0
2708	50	0	64.15	0
2709	25	0	64.15	0
2710	0	0	64.15	0
2711	200	100	64.15	0
2712	175	100	64.15	0
2713	150	100	64.15	0
2714	125	100	64.15	0
2715	200	75	64.15	0
2716	175	75	64.15	0
2717	150	75	64.15	0
2718	125	75	64.15	0
2719	200	50	64.15	0
2720	175	50	64.15	0
2721	150	50	64.15	0
2722	125	50	64.15	0
2723	200	25	64.15	0
2724	175	25	64.15	0
2725	150	25	64.15	0
2726	125	25	64.15	0
2727	200	0	64.15	0
2728	175	0	64.15	0
2729	150	0	64.15	0
2730	125	0	64.15	0
2731	300	100	64.15	0
2732	275	100	64.15	0
2733	250	100	64.15	0
2734	225	100	64.15	0
2735	300	75	64.15	0
2736	275	75	64.15	0
2737	250	75	64.15	0
2738	225	75	64.15	0
2739	300	50	64.15	0
2740	275	50	64.15	0
2741	250	50	64.15	0
2742	225	50	64.15	0
2743	300	25	64.15	0
2744	275	25	64.15	0
2745	250	25	64.15	0
2746	225	25	64.15	0
2747	300	0	64.15	0
2748	275	0	64.15	0
2749	250	0	64.15	0
2750	225	0	64.15	0
2751	400	100	64.15	0
2752	375	100	64.15	0
2753	350	100	64.15	0
2754	325	100	64.15	0
2755	400	75	64.15	0
2756	375	75	64.15	0
2757	350	75	64.15	0
2758	325	75	64.15	0
2759	400	50	64.15	0
2760	375	50	64.15	0
2761	350	50	64.15	0
2762	325	50	64.15	0
2763	400	25	64.15	0
2764	375	25	64.15	0
2765	350	25	64.15	0
2766	325	25	64.15	0
2767	400	0	64.15	0
2768	375	0	64.15	0
2769	350	0	64.15	0
2770	325	0	64.15	0
2771	100	200	64.15	0
2772	75	200	64.15	0
2773	50	200	64.15	0
2774	25	200	64.15	0
2775	0	200	64.15	0
2776	100	175	64.15	0
2777	75	175	64.15	0
2778	50	175	64.15	0
2779	25	175	64.15	0
2780	0	175	64.15	0
2781	100	150	64.15	0
2782	75	150	64.15	0
2783	50	150	64.15	0
2784	25	150	64.15	0
2785	0	150	64.15	0
2786	100	125	64.15	0
2787	75	125	64.15	0
2788	50	125	64.15	0
2789	25	125	64.15	0
2790	0	125	64.15	0
2791	200	200	64.15	0
2792	175	200	64.15	0
2793	150	200	64.15	0
2794	125	200	64.15	0
2795	200	175	64.15	0
2796	175	175	64.15	0
2797	150	175	64.15	0
2798	125	175	64.15	0
2799	200	150	64.15	0
2800	175	150	64.15	0
2801	150	150	64.15	0
2802	125	150	64.15	0
2803	200	125	64.15	0
2804	175	125	64.15	0
2805	150	125	64.15	0
2806	125	125	64.15	0
2807	300	200	64.15	0
2808	275	200	64.15	0
2809	250	200	64.15	0
2810	225	200	64.15	0
2811	300	175	64.15	0
2812	275	175	64.15	0
2813	250	175	64.15	0
2814	225	175	64.15	0
2815	300	150	64.15	0
2816	275	150	64.15	0
2817	250	150	64.15	0
2818	225	150	64.15	0
2819	300	125	64.15	0
2820	275	125	64.15	0
2821	250	125	64.15	0
2822	225	125	64.15	0
2823	400	200	64.15	0
2824	375	200	64.15	0
2825	350	200	64.15	0
2826	325	200	64.15	0
2827	400	175	64.15	0
2828	375	175	64.15	0
2829	350	175	64.15	0
2830	325	175	64.15	0
2831	400	150	64.15	0
2832	375	150	64.15	0
2833	350	150	64.15	0
2834	325	150	64.15	0
2835	400	125	64.15	0
2836	375	125	64.15	0
2837	350	125	64.15	0
2838	325	125	64.15	0
2839	100	300	64.15	0
2840	75	300	64.15	0
2841	50	300	64.15	0
2842	25	300	64.15	0
2843	0	300	64.15	0
2844	100	275	64.15	0
2845	75	275	64.15	0
2846	50	275	64.15	0
2847	25	275	64.15	0
2848	0	275	64.15	0
2849	100	250	64.15	0
2850	75	250	64.15	0
2851	50	250	64.15	0
2852	25	250	64.15	0
2853	0	250	64.15	0
2854	100	225	64.15	0
2855	75	225	64.15	0
2856	50	225	64.15	0
2857	25	225	64.15	0
2858	0	225	64.15	0
2859	200	300	64.15	0
2860	175	300	64.15	0
2861	150	300	64.15	0
2862	125	300	64.15	0
2863	200	275	64.15	0
2864	175	275	64.15	0
2865	150	275	64.15	0
2866	125	275	64.15	0
2867	200	250	64.15	0
2868	175	250	64.15	0
2869	150	250	64.15	0
2870	125	250	64.15	0
2871	200	225	64.15	0
2872	175	225	64.15	0
2873	150	225	64.15	0
2874	125	225	64.15	0
2875	300	300	64.15	0
2876	275	300	64.15	0
2877	250	300	64.15	0
2878	225	300	64.15	0
2879	300	275	64.15	0
2880	275	275	64.15	0
2881	250	275	64.15	0
2882	225	275	64.15	0
2883	300	250	64.15	0
2884	275	250	64.15	0
2885	250	250	64.15	0
2886	225	250	64.15	0
2887	300	225	64.15	0
2888	275	225	64.15	0
2889	250	225	64.15	0
2890	225	225	64.15	0
2891	400	300	64.15	0
2892	375	300	64.15	0
2893	350	300	64.15	0
2894	325	300	64.15	0
2895	400	275	64.15	0
2896	375	275	64.15	0
2897	350	275	64.15	0
2898	325	275	64.15	0
2899	400	250	64.15	0
2900	375	250	64.15	0
2901	350	250	64.15	0
2902	325	250	64.15	0
2903	400	225	64.15	0
2904	375	225	64.15	0
2905	350	225	64.15	0
2906	325	225	64.15	0
2907	100	400	64.15	0
2908	75	400	64.15	0
2909	50	400	64.15	0
2910	25	400	64.15	0
2911	0	400	64.15	0
2912	100	375	64.15	0
2913	75	375	64.15	0
2914	50	375	64.15	0
2915	25	375	64.15	0
2916	0	375	64.15	0
2917	100	350	64.15	0
2918	75	350	64.15	0
2919	50	350	64.15	0
2920	25	350	64.15	0
2921	0	350	64.15	0
2922	100	325	64.15	0
2923	75	325	64.15	0
2924	50	325	64.15	0
2925	25	325	64.15	0
2926	0	325	64.15	0
2927	200	400	64.15	0
2928	175	400	64.15	0
2929	150	400	64.15	0
2930	125	400	64.15	0
2931	200	375	64.15	0
2932	175	375	64.15	0
2933	150	375	64.15	0
2934	125	375	64.15	0
2935	200	350	64.15	0
2936	175	350	64.15	0
2937	150	350	64.15	0
2938	125	350	64.15	0
2939	200	325	64.15	0
2940	175	325	64.15	0
2941	150	325	64.15	0
2942	125	325	64.15	0
2943	300	400	64.15	0
2944	275	400	64.15	0
2945	250	400	64.15	0
2946	225	400	64.15	0
2947	300	375	64.15	0
2948	275	375	64.15	0
2949	250	375	64.15	0
2950	225	375	64.15	0
2951	300	350	64.15	0
2952	275	350	64.15	0
2953	250	350	64.15	0
2954	225	350	64.15	0
2955	300	325	64.15	0
2956	275	325	64.15	0
2957	250	325	64.15	0
2958	225	325	64.15	0
2959	400	400	64.15	0
2960	375	400	64.15	0
2961	350	400	64.15	0
2962	325	400	64.15	0
2963	400	375	64.15	0
2964	375	375	64.15	0
2965	350	375	64.15	0
2966	325	375	64.15	0
2967	400	350	64.15	0
2968	375	350	64.15	0
2969	350	350	64.15	0
2970	325	350	64.15	0
2971	400	325	64.15	0
2972	375	325	64.15	0
2973	350	325	64.15	0
2974	325	325	64.15	0
2975	100	100	80	0
2976	75	100	80	0
2977	50	100	80	0
2978	25	100	80	0
2979	0	100	80	0
2980	100	75	80	0
2981	75	75	80	0
2982	50	75	80	0
2983	25	75	80	0
2984	0	75	80	0
2985	100	50	80	0
2986	75	50	80	0
2987	50	50	80	0
2988	25	50	80	0
2989	0	50	80	0
2990	100	25	80	0
2991	75	25	80	0
2992	50	25	80	0
2993	25	25	80	0
2994	0	25	80	0
2995	100	0	80	0
2996	75	0	80	0
2997	50	0	80	0
2998	25	0	80	0
2999	0	0	80	0
3000	200	100	80	0
3001	175	100	80	0
3002	150	100	80	0
3003	125	100	80	0
3004	200	75	80	0
3005	175	75	80	0
3006	150	75	80	0
3007	125	75	80	0
3008	200	50	80	0
3009	175	50	80	0
3010	150	50	80	0
3011	125	50	80	0
3012	200	25	80	0
3013	175	25	80	0
3014	150	25	80	0
3015	125	25	80	0
3016	200	0	80	0
3017	175	0	80	0
3018	150	0	80	0
3019	125	0	80	0
3020	300	100	80	0
3021	275	100	80	0
3022	250	100	80	0
3023	225	100	80	0
3024	300	75	80	0
3025	275	75	80	0
3026	250	75	80	0
3027	225	75	80	0
3028	300	50	80	0
3029	275	50	80	0
3030	250	50	80	0
3031	225	50	80	0
3032	300	25	80	0
3033	275	25	80	0
3034	250	25	80	0
3035	225	25	80	0
3036	300	0	80	0
3037	275	0	80	0
3038	250	0	80	0
3039	225	0	80	0
3040	400	100	80	0
3041	375	100	80	0
3042	350	100	80	0
3043	325	100	80	0
3044	400	75	80	0
3045	375	75	80	0
3046	350	75	80	0
3047	325	75	80	0
3048	400	50	80	0
3049	375	50	80	0
3050	350	50	80	0
3051	325	50	80	0
3052	400	25	80	0
3053	375	25	80	0
3054	350	25	80	0
3055	325	25	80	0
3056	400	0	80	0
3057	375	0	80	0
3058	350	0	80	0
3059	325	0	80	0
3060	100	200	80	0
3061	75	200	80	0
3062	50	200	80	0
3063	25	200	80	0
3064	0	200	80	0
3065	100	175	80	0
3066	75	175	80	0
3067	50	175	80	0
3068	25	175	80	0
3069	0	175	80	0
3070	100	150	80	0
3071	75	150	80	0
3072	50	150	80	0
3073	25	150	80	0
3074	0	150	80	0
3075	100	125	80	0
3076	75	125	80	0
3077	50	125	80	0
3078	25	125	80	0
3079	0	125	80	0
3080	200	200	80	0
3081	175	200	80	0
3082	150	200	80	0
3083	125	200	80	0
3084	200	175	80	0
3085	175	175	80	0
3086	150	175	80	0
3087	125	175	80	0
3088	200	150	80	0
3089	175	150	80	0
3090	150	150	80	0
3091	125	150	80	0
3092	200	125	80	0
3093	175	125	80	0
3094	150	125	80	0
3095	125	125	80	0
3096	300	200	80	0
3097	275	200	80	0
3098	250	200	80	0
3099	225	200	80	0
3100	300	175	80	0
3101	275	175	80	0
3102	250	175	80	0
3103	225	175	80	0
3104	300	150	80	0
3105	275	150	80	0
3106	250	150	80	0
3107	225	150	80	0
3108	300	125	80	0
3109	275	125	80	0
3110	250	125	80	0
3111	225	125	80	0
3112	400	200	80	0
3113	375	200	80	0
3114	350	200	80	0
3115	325	200	80	0
3116	400	175	80	0
3117	375	175	80	0
3118	350	175	80	0
3119	325	175	80	0
3120	400	150	80	0
3121	375	150	80	0
3122	350	150	80	0
3123	325	150	80	0
3124	400	125	80	0
3125	375	125	80	0
3126	350	125	80	0
3127	325	125	80	0
3128	100	300	80	0
3129	75	300	80	0
3130	50	300	80	0
3131	25	300	80	0
3132	0	300	80	0
3133	100	275	80	0
3134	75	275	80	0
3135	50	275	80	0
3136	25	275	80	0
3137	0	275	80	0
3138	100	250	80	0
3139	75	250	80	0
3140	50	250	80	0
3141	25	250	80	0
3142	0	250	80	0
3143	100	225	80	0
3144	75	225	80	0
3145	50	225	80	0
3146	25	225	80	0
3147	0	225	80	0
3148	200	300	80	0
3149	175	300	80	0
3150	150	300	80	0
3151	125	300	80	0
3152	200	275	80	0
3153	175	275	80	0
3154	150	275	80	0
3155	125	275	80	0
3156	200	250	80	0
3157	175	250	80	0
3158	150	250	80	0
3159	125	250	80	0
3160	200	225	80	0
3161	175	225	80	0
3162	150	225	80	0
3163	125	225	80	0
3164	300	300	80	0
3165	275	300	80	0
3166	250	300	80	0
3167	225	300	80	0
3168	300	275	80	0
3169	275	275	80	0
3170	250	275	80	0
3171	225	275	80	0
3172	300	250	80	0
3173	275	250	80	0
3174	250	250	80	0
3175	225	250	80	0
3176	300	225	80	0
3177	275	225	80	0
3178	250	225	80	0
3179	225	225	80	0
3180	400	300	80	0
3181	375	300	80	0
3182	350	300	80	0
3183	325	300	80	0
3184	400	275	80	0
3185	375	275	80	0
3186	350	275	80	0
3187	325	275	80	0
3188	400	250	80	0
3189	375	250	80	0
3190	350	250	80	0
3191	325	250	80	0
3192	400	225	80	0
3193	375	225	80	0
3194	350	225	80	0
3195	325	225	80	0
3196	100	400	80	0
3197	75	400	80	0
3198	50	400	80	0
3199	25	400	80	0
3200	0	400	80	0
3201	100	375	80	0
3202	75	375	80	0
3203	50	375	80	0
3204	25	375	80	0
3205	0	375	80	0
3206	100	350	80	0
3207	75	350	80	0
3208	50	350	80	0
3209	25	350	80	0
3210	0	350	80	0
3211	100	325	80	0
3212	75	325	80	0
3213	50	325	80	0
3214	25	325	80	0
3215	0	325	80	0
3216	200	400	80	0
3217	175	400	80	0
3218	150	400	80	0
3219	125	400	80	0
3220	200	375	80	0
3221	175	375	80	0
3222	150	375	80	0
3223	125	375	80	0
3224	200	350	80	0
3225	175	350	80	0
3226	150	350	80	0
3227	125	350	80	0
3228	200	325	80	0
3229	175	325	80	0
3230	150	325	80	0
3231	125	325	80	0
3232	300	400	80	0
3233	275	400	80	0
3234	250	400	80	0
3235	225	400	80	0
3236	300	375	80	0
3237	275	375	80	0
3238	250	375	80	0
3239	225	375	80	0
3240	300	350	80	0
3241	275	350	80	0
3242	250	350	80	0
3243	225	350	80	0
3244	300	325	80	0
3245	275	325	80	0
3246	250	325	80	0
3247	225	325	80	0
3248	400	400	80	0
3249	375	400	80	0
3250	350	400	80	0
3251	325	400	80	0
3252	400	375	80	0
3253	375	375	80	0
3254	350	375	80	0
3255	325	375	80	0
3256	400	350	80	0
3257	375	350	80	0
3258	350	350	80	0
3259	325	350	80	0
3260	400	325	80	0
3261	375	325	80	0
3262	350	325	80	0
3263	325	325	80	0
